6016 7615 5714 2480 6082 9047 9286 4427 3992 5169 2699 1095 1098 3019 3183 
1804 2806 6766 3736 6364 9822 5187 9093 6880 9538 4061 7612 4672 5488 15 
8868 7857 7630 934 337 65 9982 9623 4492 3974 4793 3543 5069 2243 6562 
4604 399 5720 1370 487 2084 7544 2026 7529 777 1565 1590 8389 2589 3431 
4756 1457 1288 2387 8744 7977 2452 8726 7601 3296 9052 8746 6839 473 7341 
3401 5078 7740 5473 2800 4579 7558 6697 6605 5087 7474 4522 3030 5863 3464 
2813 620 4921 453 9359 3665 8430 8163 8743 6031 1459 7795 1129 8298 8269 
8470 8051 9699 2562 3524 8851 7141 7434 5548 99 8874 3022 4621 1904 5238 
8085 4717 2210 9359 5170 1569 9376 3600 6084 8120 5984 7543 2267 3465 2193 
6888 1936 6596 6587 850 6472 5439 4344 3907 7339 4443 2781 362 9064 1037 
1952 3502 5754 4162 2861 7276 2083 8589 7228 8167 3061 9564 5710 5329 3030 
4255 8569 1318 851 5157 2168 3675 6948 6512 3934 4287 7307 6715 1001 2724 
4104 9305 6226 6210 3467 5439 3486 5550 380 715 3717 3442 6631 5779 5123 
9661 6386 3692 979 3589 8849 9500 7265 2149 6012 1199 2789 9672 4267 142 
2396 8371 9448 8622 4582 2915 413 4420 4818 793 1487 4887 4235 8119 667 
9358 7780 3405 9403 5112 6995 4604 4612 612 6754 6976 1811 5895 6648 2430 
6037 9044 7154 5485 4018 1736 4753 4431 2508 5923 5225 3996 810 9460 2115 
7829 5171 6247 1235 926 1359 4582 5530 2323 5194 8636 9300 3357 4531 5948 
5788 569 1345 2942 2406 5363 1030 3511 9795 3538 9434 5020 3886 245 832 
2353 4426 2355 8601 5661 3281 6312 243 8812 8636 5437 3800 4288 8795 8332 
6588 935 5253 7933 3877 4011 3297 1259 7523 9444 1149 6957 4464 5036 3554 
1648 3741 7981 356 2342 9994 3637 5007 6590 8801 9995 8379 2602 4283 7174 
7286 871 4461 2539 8805 4690 6550 8454 5949 425 7898 7099 3735 8714 8487 
7289 6714 2228 1622 7070 923 7969 7060 5930 4559 5861 5925 2938 4815 6560 
6465 8453 7431 926 7344 6236 5617 3895 1042 7918 672 8940 1369 4407 7654 
6208 8049 4369 8437 6023 7791 5712 3992 4851 7994 4903 713 271 4194 1880 
6831 659 6686 4262 7937 4030 6851 9906 4277 7893 7825 4950 6834 9194 9357 
840 5403 3758 1561 192 9782 9353 2256 3774 4204 250 5030 1269 521 9224 
9502 7352 9883 6188 1614 4172 218 4817 4079 848 2711 8256 5798 5897 7450 
1507 6737 9205 5266 8299 5749 5048 4004 8005 5174 8208 8255 204 9478 5128 
5780 5332 2480 2015 1520 447 6188 8090 5264 6619 8938 7975 4875 1088 3872 
8677 2596 6962 7883 4214 5261 9984 5614 5617 7990 788 3825 2597 7345 9655 
7726 3125 4987 6558 1493 2859 7005 7681 950 8622 4300 6240 6597 5527 7329 
6822 4204 6277 3784 8439 491 5397 8424 6105 1014 2766 3245 1191 1715 6942 
7199 5793 6420 8538 2352 7913 1398 5709 1946 8700 4331 6246 1292 7281 8125 
8621 455 2329 1250 591 769 1741 5988 5545 4198 3354 4663 7444 897 6378 
4386 8096 2172 806 6635 876 5071 4385 2937 7017 3085 3621 9615 729 902 
7740 9351 7709 70 601 8300 7191 8695 4288 2736 2893 3994 7399 337 4891 
129 1076 9340 8653 8234 5975 5881 3306 360 8819 6675 9797 2440 6291 526 
9694 4031 6229 7403 453 3183 2055 7644 1878 2695 6732 1123 6689 483 7813 
7932 6965 8889 7272 5618 3475 3247 1500 3133 9959 6671 9809 6108 5463 6100 
6635 5157 6483 9216 8912 3289 8751 967 933 629 3662 4018 8105 6703 853 
5918 4635 7818 4807 8260 3437 4634 7859 1289 7768 7819 7960 7577 279 9775 
29 3266 4932 2864 2483 196 6153 1234 7515 3439 8216 7529 3809 6321 584 
4662 2239 1571 2481 3398 9831 2270 4384 7691 9911 2152 1862 4223 6081 2141 
3998 6110 5408 5282 5327 4243 1830 1480 1829 9345 1271 6397 3226 5080 2718 
3810 6095 1309 5381 8576 1059 1565 7198 5444 9256 7109 3948 7470 7684 30 
5963 1682 6140 7723 6964 7819 1966 8794 9300 148 4491 6923 6545 7717 8356 
5616 7879 4451 3277 3260 9379 4337 1177 6577 6133 6785 38 81 4255 7722 
111 219 5756 2604 7942 9072 423 6261 4218 6075 2761 8709 9351 9306 2778 
7707 4922 657 2158 4552 269 1537 5241 7799 4466 1374 4584 856 7807 8840 
4930 4271 5411 7038 3227 9705 6110 2 2318 328 2430 5079 5389 1781 4386 
4519 9488 5660 1528 7998 212 8149 5887 5453 5948 6705 3179 533 7561 7339 
9373 8843 7962 1136 5881 1189 841 1991 1191 3160 8671 3621 4591 412 1754 
5329 4931 7594 990 6459 1944 7554 960 7831 9360 6909 888 8891 7442 8449 
6230 3167 3644 4192 4303 9525 1733 1496 7868 2925 1008 2891 2898 5600 3303 
1005 929 4586 8599 8271 7397 544 2178 8358 4727 1538 5267 5616 6781 9061 
417 9364 2228 414 3556 2883 9939 5290 731 4160 4567 1740 7051 3817 3692 
6707 1174 973 7645 6126 5597 5043 3022 7775 3401 7749 5665 5020 9717 8798 
4081 6487 8162 6309 6901 1719 5544 3192 3361 6275 7352 4280 4367 756 4449 
4411 3815 5624 1737 1460 1750 7334 2855 4772 1461 6256 8873 3478 1276 4943 
2276 5357 1430 439 8018 8331 8510 3562 7875 8223 6190 5228 8855 557 2336 
3304 4969 2503 5280 6706 3963 3382 392 6819 4506 8205 9427 9732 1683 7056 
4675 311 8765 6105 750 6784 788 5612 6698 8663 187 2888 243 9042 9798 
8931 8699 1119 1434 331 4177 1750 3714 4569 4921 4572 2774 700 4304 809 
7756 5331 1120 6522 1436 8223 3306 8576 187 6356 3592 375 9245 187 5769 
9043 9119 820 162 6905 1152 691 8655 1218 5260 9928 2142 4386 629 6447 
1547 8385 1778 9019 4907 9567 7242 4565 4495 3782 922 4439 509 6519 4627 
6278 5562 3746 3451 2076 651 4603 2767 5659 2173 4379 5587 4315 5117 6216 
7114 6664 954 5245 2035 5861 1164 5630 6779 5659 9412 7701 99 9921 572 
4726 2551 2486 4824 6002 4562 1827 6957 3681 3838 5482 4412 9426 9798 5881 
1994 3264 8897 2948 8509 932 5162 9673 6562 8293 1685 5974 2346 1784 2247 
2918 2862 1151 5404 4038 7153 6318 2217 463 9999 6056 5945 763 1834 2095 
6644 3828 5360 5541 3129 3869 6473 4643 3543 9388 2936 1580 5362 5282 3364 
3962 8200 2578 5113 3604 2968 8618 9922 5185 9081 6273 1241 1379 7036 3075 
3474 32 3256 8834 1925 6385 9056 4750 7380 8951 4138 316 531 5853 5598 
3895 9815 3798 2825 4928 3754 5793 9898 3676 978 8980 6301 8572 359 9689 
7999 185 9721 1255 9020 7998 3992 8076 2748 1372 7027 3239 1688 7558 9092 
3638 7805 8907 3788 6982 187 7542 2775 85 7570 105 5417 3871 5029 2128 
3560 3029 2314 9633 636 7686 3983 4629 5762 6732 2353 9141 9971 394 3051 
5415 384 7208 4322 4173 4190 861 1715 3317 7298 9286 3422 2716 9509 8452 
4844 9422 7833 3510 5407 8469 1196 9391 9450 3310 2475 8156 2451 2446 8550 
1854 7861 5286 9062 8535 9459 3252 9396 1175 2921 3046 6813 6344 5762 2674 
1148 6959 2096 8981 469 7504 3802 1666 6895 3253 4976 9370 1409 3780 8168 
6311 1986 2381 7949 1049 916 7409 653 6664 4936 3575 9710 1749 6271 1825 
4423 3771 8784 2872 9104 5605 376 2906 3623 3623 2511 4952 2993 272 5084 
7513 2935 7070 9894 885 8119 7162 8294 5125 3826 3230 5052 9888 1331 1323 
8065 2106 1446 3201 1330 550 8807 1706 3456 8782 5329 5968 3734 4674 2592 
8818 2187 5528 5889 8433 6413 360 5595 4707 1837 5773 4289 6889 2014 1972 
4564 79 430 6010 3281 1761 6560 8440 9819 6369 7222 5149 8689 7309 6175 
1281 6127 4715 6809 8368 3148 9574 5081 5096 633 6918 7221 1274 3808 9235 
3246 4724 5667 3677 735 5300 1790 3647 92 1609 6368 7314 3110 5057 4623 
9286 2691 7103 353 5852 5471 9853 5427 552 1301 6060 3823 8523 7335 7631 
7758 6933 2355 9777 6962 9442 5077 8752 9442 5169 362 5810 8836 9824 868 
9811 5462 9911 6914 5815 5763 8738 5669 1190 5642 6970 3603 5817 1845 7290 
3448 5956 4223 2156 5733 1186 7950 7163 6290 7392 8684 3004 3203 7520 2829 
423 7332 8291 334 598 459 2449 5688 6128 3640 7683 9450 3595 3500 7648 
885 3301 3604 1460 1809 9337 8998 9759 6500 5289 7152 1537 4645 355 9057 
7474 7130 2741 2118 7464 9692 2577 9913 1732 5057 9905 9415 859 9852 9268 
8507 7089 2569 2111 8550 730 7801 3900 489 653 9189 3993 2190 187 700 
1248 7661 7830 341 6131 1646 33 8708 7912 1766 117 4169 7533 977 4022 
6801 5836 1111 5722 7948 6013 2804 5749 9914 3294 2754 5455 7287 4945 5642 
7988 2545 9656 5818 2886 5787 3817 9272 848 1729 1038 7317 5898 4923 4646 
9920 8077 483 7384 151 8431 9749 2956 532 6015 6250 9638 1471 3537 4583 
3465 7877 7128 3121 48 6367 5261 3865 5639 2461 5594 3029 9778 7844 7952 
4425 4117 6029 4908 1501 6181 9691 7602 9137 6575 3618 1739 6213 5089 1628 
7149 4906 9506 629 8028 9554 6996 9641 9771 8987 2102 5365 2016 8232 9561 
9969 9009 3678 2350 3917 1531 8531 9960 9134 4020 2887 9104 5759 5453 545 
7388 2602 5451 3246 9583 9831 9152 2932 9472 8923 1919 7926 640 3936 2511 
201 257 1520 3880 2607 1790 1763 7491 8102 897 7863 990 1 9975 2795 
6898 7363 5397 2350 6961 1332 2181 6113 4264 8006 5036 6184 2284 5676 6472 
4795 2229 6729 2668 6109 5688 4458 4225 9531 2560 1474 3747 9902 7828 3722 
2697 4726 7437 4446 7076 4398 5779 5610 511 43 3616 5547 2579 5900 7575 
9051 7048 9804 2132 9716 2266 4173 4174 6491 56 3086 7965 3803 2989 5793 
7525 2038 520 4962 6485 3948 5712 8616 9558 6223 8659 9526 1770 7591 1779 
5697 2994 8827 5502 5127 4895 7768 5652 5421 611 5708 8507 8576 5864 7848 
722 3389 9887 7594 4704 2724 1542 416 1340 7453 2992 6351 6979 4762 3942 
8758 460 3289 3937 2314 8416 8832 6434 420 605 7045 6128 9113 1973 1992 
3313 9047 1734 9552 6641 2790 2276 4536 9558 3616 8341 2550 6320 1672 3665 
6614 6783 477 9903 720 2791 4671 5905 9225 5091 6510 2622 7572 1975 947 
5916 1641 9995 7650 1193 2988 6792 3470 7524 6351 3438 2217 5253 9758 3890 
8918 6373 673 5747 6276 1393 4890 948 3650 467 2391 6513 3089 9963 8488 
4037 5880 129 384 9882 7675 3372 6675 1145 7249 9378 935 9466 983 694 
3356 6254 3419 381 2001 6047 8127 6892 3347 1777 7359 5739 4642 449 5702 
3131 838 1582 9612 1222 7817 7287 946 4492 4784 8195 222 5720 4014 1205 
2766 3722 7459 2537 4104 9461 4936 2231 2705 8284 360 64 4023 5003 6865 
6077 4486 7703 4012 450 5277 1829 7738 2576 6321 8874 771 2895 946 1137 
4100 64 4860 7912 8953 8964 3725 3890 7547 6430 2174 7907 6494 6197 2910 
9712 8626 3748 3767 2638 4199 9045 4467 8289 1621 7140 7163 8744 35 4462 
9882 488 4526 4742 4752 3480 58 8477 7370 3957 4907 5896 1864 7753 2093 
1127 7465 7071 4875 1233 9710 9074 6630 4177 7363 4603 1318 879 3347 7705 
5341 9581 8193 6219 675 2945 6051 733 7774 9773 1042 9033 5669 2907 6787 
4114 386 604 1186 5261 1837 896 688 4819 5073 4403 9422 2743 5282 9122 
6801 6975 8703 1346 9547 9379 4292 5598 6464 8418 5372 7507 7452 7393 6766 
4239 1508 7152 1195 2694 8765 3033 3590 9453 7852 5015 3857 3627 4111 5491 
2749 912 8819 1452 2258 8366 7183 2902 316 0 1321 5688 7507 5125 9434 
625 9364 942 7777 559 3636 6542 9944 3578 5996 4149 4945 6205 7776 9056 
8048 6877 6320 6867 4681 8579 5233 1865 1481 5550 1865 9154 7590 5724 4279 
7024 6349 9995 7966 478 6907 7954 7020 3203 7884 9368 7352 2830 1925 1480 
8238 9974 4709 4559 6841 9391 9490 2075 1256 7323 3977 9473 2830 1567 1549 
7109 4944 7898 3457 9262 8376 364 3569 1748 9919 1453 1117 3624 635 3042 
5104 5226 3016 9814 6137 6210 9205 5627 8285 6813 2950 8614 2638 2132 6533 
4187 9242 1477 8437 9051 7092 3165 5767 661 4913 5686 8466 2382 9310 5454 
5425 767 680 4793 581 6817 1003 6138 8796 5640 9303 8098 4254 8293 231 
788 2480 5825 8617 917 4876 2061 4082 643 2722 5347 2681 7541 7730 1992 
2995 9507 9111 27 4300 6044 3196 1656 2182 1992 3648 7837 6442 4255 6130 
6673 1395 4962 8850 12 2231 3726 8426 2665 721 1148 8012 3403 5041 5742 
1747 4388 1601 858 767 2254 6902 3963 3910 5436 2307 3910 9625 8750 8165 
2107 1775 9560 7069 626 5925 5652 704 4351 8317 7778 1851 6329 1181 6893 
8424 9280 7633 25 6490 8401 2279 3392 8716 2541 5180 1024 2804 1157 6126 
