
0 0 1 2 12 15 25 27 29 30 32 33 35 38 43 
48 56 58 64 64 65 70 79 81 85 92 99 99 105 111 
117 129 129 142 148 151 162 185 187 187 187 187 187 192 196 
201 204 212 218 219 222 231 243 243 245 250 257 269 271 272 
279 311 316 316 328 331 334 337 337 341 353 355 356 359 360 
360 360 362 362 364 375 376 380 381 384 384 386 392 394 399 
412 413 414 416 417 420 423 423 425 430 439 447 449 450 453 
453 455 459 460 463 467 469 473 477 478 483 483 487 488 489 
491 509 511 520 521 526 531 532 533 544 545 550 552 557 559 
569 572 581 584 591 598 601 604 605 611 612 620 625 626 629 
629 629 633 635 636 640 643 651 653 653 657 659 661 667 672 
673 675 680 688 691 694 700 700 704 713 715 720 721 722 729 
730 731 733 735 750 756 763 767 767 769 771 777 788 788 788 
793 806 809 810 820 832 838 840 841 848 848 850 851 853 856 
858 859 861 868 871 876 879 885 885 888 896 897 897 902 912 
916 917 922 923 926 926 929 932 933 934 935 935 942 946 946 
947 948 950 954 960 967 973 977 978 979 983 990 990 1001 1003 
1005 1008 1014 1024 1030 1037 1038 1042 1042 1049 1059 1076 1088 1095 1098 
1111 1117 1119 1120 1123 1127 1129 1136 1137 1145 1148 1148 1149 1151 1152 
1157 1164 1174 1175 1177 1181 1186 1186 1189 1190 1191 1191 1193 1195 1196 
1199 1205 1218 1222 1233 1234 1235 1241 1248 1250 1255 1256 1259 1269 1271 
1274 1276 1281 1288 1289 1292 1301 1309 1318 1318 1321 1323 1330 1331 1332 
1340 1345 1346 1359 1369 1370 1372 1374 1379 1393 1395 1398 1409 1430 1434 
1436 1446 1452 1453 1457 1459 1460 1460 1461 1471 1474 1477 1480 1480 1481 
1487 1493 1496 1500 1501 1507 1508 1520 1520 1528 1531 1537 1537 1538 1542 
1547 1549 1561 1565 1565 1567 1569 1571 1580 1582 1590 1601 1609 1614 1621 
1622 1628 1641 1646 1648 1656 1666 1672 1682 1683 1685 1688 1706 1715 1715 
1719 1729 1732 1733 1734 1736 1737 1739 1740 1741 1747 1748 1749 1750 1750 
1754 1761 1763 1766 1770 1775 1777 1778 1779 1781 1784 1790 1790 1804 1809 
1811 1825 1827 1829 1829 1830 1834 1837 1837 1845 1851 1854 1862 1864 1865 
1865 1878 1880 1904 1919 1925 1925 1936 1944 1946 1952 1966 1972 1973 1975 
1986 1991 1992 1992 1992 1994 2001 2014 2015 2016 2026 2035 2038 2055 2061 
2075 2076 2083 2084 2093 2095 2096 2102 2106 2107 2111 2115 2118 2128 2132 
2132 2141 2142 2149 2152 2156 2158 2168 2172 2173 2174 2178 2181 2182 2187 
2190 2193 2210 2217 2217 2228 2228 2229 2231 2231 2239 2243 2247 2254 2256 
2258 2266 2267 2270 2276 2276 2279 2284 2307 2314 2314 2318 2323 2329 2336 
2342 2346 2350 2350 2352 2353 2353 2355 2355 2381 2382 2387 2391 2396 2406 
2430 2430 2440 2446 2449 2451 2452 2461 2475 2480 2480 2480 2481 2483 2486 
2503 2508 2511 2511 2537 2539 2541 2545 2550 2551 2560 2562 2569 2576 2577 
2578 2579 2589 2592 2596 2597 2602 2602 2604 2607 2622 2638 2638 2665 2668 
2674 2681 2691 2694 2695 2697 2699 2705 2711 2716 2718 2722 2724 2724 2736 
2741 2743 2748 2749 2754 2761 2766 2766 2767 2774 2775 2778 2781 2789 2790 
2791 2795 2800 2804 2804 2806 2813 2825 2829 2830 2830 2855 2859 2861 2862 
2864 2872 2883 2886 2887 2888 2891 2893 2895 2898 2902 2906 2907 2910 2915 
2918 2921 2925 2932 2935 2936 2937 2938 2942 2945 2948 2950 2956 2968 2988 
2989 2992 2993 2994 2995 3004 3016 3019 3022 3022 3029 3029 3030 3030 3033 
3042 3046 3051 3061 3075 3085 3086 3089 3110 3121 3125 3129 3131 3133 3148 
3160 3165 3167 3179 3183 3183 3192 3196 3201 3203 3203 3226 3227 3230 3239 
3245 3246 3246 3247 3252 3253 3256 3260 3264 3266 3277 3281 3281 3289 3289 
3294 3296 3297 3301 3303 3304 3306 3306 3310 3313 3317 3347 3347 3354 3356 
3357 3361 3364 3372 3382 3389 3392 3398 3401 3401 3403 3405 3419 3422 3431 
3437 3438 3439 3442 3448 3451 3456 3457 3464 3465 3465 3467 3470 3474 3475 
3478 3480 3486 3500 3502 3510 3511 3524 3537 3538 3543 3543 3554 3556 3560 
3562 3569 3575 3578 3589 3590 3592 3595 3600 3603 3604 3604 3616 3616 3618 
3621 3621 3623 3623 3624 3627 3636 3637 3638 3640 3644 3647 3648 3650 3662 
3665 3665 3675 3676 3677 3678 3681 3692 3692 3714 3717 3722 3722 3725 3726 
3734 3735 3736 3741 3746 3747 3748 3754 3758 3767 3771 3774 3780 3782 3784 
3788 3798 3800 3802 3803 3808 3809 3810 3815 3817 3817 3823 3825 3826 3828 
3838 3857 3865 3869 3871 3872 3877 3880 3886 3890 3890 3895 3895 3900 3907 
3910 3910 3917 3934 3936 3937 3942 3948 3948 3957 3962 3963 3963 3974 3977 
3983 3992 3992 3992 3993 3994 3996 3998 4004 4011 4012 4014 4018 4018 4020 
4022 4023 4030 4031 4037 4038 4061 4079 4081 4082 4100 4104 4104 4111 4114 
4117 4138 4149 4160 4162 4169 4172 4173 4173 4174 4177 4177 4187 4190 4192 
4194 4198 4199 4204 4204 4214 4218 4223 4223 4225 4235 4239 4243 4254 4255 
4255 4255 4262 4264 4267 4271 4277 4279 4280 4283 4287 4288 4288 4289 4292 
4300 4300 4303 4304 4315 4322 4331 4337 4344 4351 4367 4369 4379 4384 4385 
4386 4386 4386 4388 4398 4403 4407 4411 4412 4420 4423 4425 4426 4427 4431 
4439 4443 4446 4449 4451 4458 4461 4462 4464 4466 4467 4486 4491 4492 4492 
4495 4506 4519 4522 4526 4531 4536 4552 4559 4559 4562 4564 4565 4567 4569 
4572 4579 4582 4582 4583 4584 4586 4591 4603 4603 4604 4604 4612 4621 4623 
4627 4629 4634 4635 4642 4643 4645 4646 4662 4663 4671 4672 4674 4675 4681 
4690 4704 4707 4709 4715 4717 4724 4726 4726 4727 4742 4750 4752 4753 4756 
4762 4772 4784 4793 4793 4795 4807 4815 4817 4818 4819 4824 4844 4851 4860 
4875 4875 4876 4887 4890 4891 4895 4903 4906 4907 4907 4908 4913 4921 4921 
4922 4923 4928 4930 4931 4932 4936 4936 4943 4944 4945 4945 4950 4952 4962 
4962 4969 4976 4987 5003 5007 5015 5020 5020 5029 5030 5036 5036 5041 5043 
5048 5052 5057 5057 5069 5071 5073 5077 5078 5079 5080 5081 5084 5087 5089 
5091 5096 5104 5112 5113 5117 5123 5125 5125 5127 5128 5149 5157 5157 5162 
5169 5169 5170 5171 5174 5180 5185 5187 5194 5225 5226 5228 5233 5238 5241 
5245 5253 5253 5260 5261 5261 5261 5264 5266 5267 5277 5280 5282 5282 5282 
5286 5289 5290 5300 5327 5329 5329 5329 5331 5332 5341 5347 5357 5360 5362 
5363 5365 5372 5381 5389 5397 5397 5403 5404 5407 5408 5411 5415 5417 5421 
5425 5427 5436 5437 5439 5439 5444 5451 5453 5453 5454 5455 5462 5463 5471 
5473 5482 5485 5488 5491 5502 5527 5528 5530 5541 5544 5545 5547 5548 5550 
5550 5562 5587 5594 5595 5597 5598 5598 5600 5605 5610 5612 5614 5616 5616 
5617 5617 5618 5624 5627 5630 5639 5640 5642 5642 5652 5652 5659 5659 5660 
5661 5665 5667 5669 5669 5676 5686 5688 5688 5688 5697 5702 5708 5709 5710 
5712 5712 5714 5720 5720 5722 5724 5733 5739 5742 5747 5749 5749 5754 5756 
5759 5762 5762 5763 5767 5769 5773 5779 5779 5780 5787 5788 5793 5793 5793 
5798 5810 5815 5817 5818 5825 5836 5852 5853 5861 5861 5863 5864 5880 5881 
5881 5881 5887 5889 5895 5896 5897 5898 5900 5905 5916 5918 5923 5925 5925 
5930 5945 5948 5948 5949 5956 5963 5968 5974 5975 5984 5988 5996 6002 6010 
6012 6013 6015 6016 6023 6029 6031 6037 6044 6047 6051 6056 6060 6075 6077 
6081 6082 6084 6095 6100 6105 6105 6108 6109 6110 6110 6113 6126 6126 6127 
6128 6128 6130 6131 6133 6137 6138 6140 6153 6175 6181 6184 6188 6188 6190 
6197 6205 6208 6210 6210 6213 6216 6219 6223 6226 6229 6230 6236 6240 6246 
6247 6250 6254 6256 6261 6271 6273 6275 6276 6277 6278 6290 6291 6301 6309 
6311 6312 6318 6320 6320 6321 6321 6329 6344 6349 6351 6351 6356 6364 6367 
6368 6369 6373 6378 6385 6386 6397 6413 6420 6430 6434 6442 6447 6459 6464 
6465 6472 6472 6473 6483 6485 6487 6490 6491 6494 6500 6510 6512 6513 6519 
6522 6533 6542 6545 6550 6558 6560 6560 6562 6562 6575 6577 6587 6588 6590 
6596 6597 6605 6614 6619 6630 6631 6635 6635 6641 6644 6648 6664 6664 6671 
6673 6675 6675 6686 6689 6697 6698 6703 6705 6706 6707 6714 6715 6729 6732 
6732 6737 6754 6766 6766 6779 6781 6783 6784 6785 6787 6792 6801 6801 6809 
6813 6813 6817 6819 6822 6831 6834 6839 6841 6851 6865 6867 6877 6880 6888 
6889 6892 6893 6895 6898 6901 6902 6905 6907 6909 6914 6918 6923 6933 6942 
6948 6957 6957 6959 6961 6962 6962 6964 6965 6970 6975 6976 6979 6982 6995 
6996 7005 7017 7020 7024 7027 7036 7038 7045 7048 7051 7056 7060 7069 7070 
7070 7071 7076 7089 7092 7099 7103 7109 7109 7114 7128 7130 7140 7141 7149 
7152 7152 7153 7154 7162 7163 7163 7174 7183 7191 7198 7199 7208 7221 7222 
7228 7242 7249 7265 7272 7276 7281 7286 7287 7287 7289 7290 7298 7307 7309 
7314 7317 7323 7329 7332 7334 7335 7339 7339 7341 7344 7345 7352 7352 7352 
7359 7363 7363 7370 7380 7384 7388 7392 7393 7397 7399 7403 7409 7431 7434 
7437 7442 7444 7450 7452 7453 7459 7464 7465 7470 7474 7474 7491 7504 7507 
7507 7513 7515 7520 7523 7524 7525 7529 7529 7533 7541 7542 7543 7544 7547 
7554 7558 7558 7561 7570 7572 7575 7577 7590 7591 7594 7594 7601 7602 7612 
7615 7630 7631 7633 7644 7645 7648 7650 7654 7661 7675 7681 7683 7684 7686 
7691 7701 7703 7705 7707 7709 7717 7722 7723 7726 7730 7738 7740 7740 7749 
7753 7756 7758 7768 7768 7774 7775 7776 7777 7778 7780 7791 7795 7799 7801 
7805 7807 7813 7817 7818 7819 7819 7825 7828 7829 7830 7831 7833 7837 7844 
7848 7852 7857 7859 7861 7863 7868 7875 7877 7879 7883 7884 7893 7898 7898 
7907 7912 7912 7913 7918 7926 7932 7933 7937 7942 7948 7949 7950 7952 7954 
7960 7962 7965 7966 7969 7975 7977 7981 7988 7990 7994 7998 7998 7999 8005 
8006 8012 8018 8028 8048 8049 8051 8065 8076 8077 8085 8090 8096 8098 8102 
8105 8119 8119 8120 8125 8127 8149 8156 8162 8163 8165 8167 8168 8193 8195 
8200 8205 8208 8216 8223 8223 8232 8234 8238 8255 8256 8260 8269 8271 8284 
8285 8289 8291 8293 8293 8294 8298 8299 8300 8317 8331 8332 8341 8356 8358 
8366 8368 8371 8376 8379 8385 8389 8401 8416 8418 8424 8424 8426 8430 8431 
8433 8437 8437 8439 8440 8449 8452 8453 8454 8466 8469 8470 8477 8487 8488 
8507 8507 8509 8510 8523 8531 8535 8538 8550 8550 8569 8572 8576 8576 8576 
8579 8589 8599 8601 8614 8616 8617 8618 8621 8622 8622 8626 8636 8636 8653 
8655 8659 8663 8671 8677 8684 8689 8695 8699 8700 8703 8708 8709 8714 8716 
8726 8738 8743 8744 8744 8746 8750 8751 8752 8758 8765 8765 8782 8784 8794 
8795 8796 8798 8801 8805 8807 8812 8818 8819 8819 8827 8832 8834 8836 8840 
8843 8849 8850 8851 8855 8868 8873 8874 8874 8889 8891 8897 8907 8912 8918 
8923 8931 8938 8940 8951 8953 8964 8980 8981 8987 8998 9009 9019 9020 9033 
9042 9043 9044 9045 9047 9047 9051 9051 9052 9056 9056 9057 9061 9062 9064 
9072 9074 9081 9092 9093 9104 9104 9111 9113 9119 9122 9134 9137 9141 9152 
9154 9189 9194 9205 9205 9216 9224 9225 9235 9242 9245 9256 9262 9268 9272 
9280 9286 9286 9286 9300 9300 9303 9305 9306 9310 9337 9340 9345 9351 9351 
9353 9357 9358 9359 9359 9360 9364 9364 9368 9370 9373 9376 9378 9379 9379 
9388 9391 9391 9396 9403 9412 9415 9422 9422 9426 9427 9434 9434 9442 9442 
9444 9448 9450 9450 9453 9459 9460 9461 9466 9472 9473 9478 9488 9490 9500 
9502 9506 9507 9509 9525 9526 9531 9538 9547 9552 9554 9558 9558 9560 9561 
9564 9567 9574 9581 9583 9612 9615 9623 9625 9633 9638 9641 9655 9656 9661 
9672 9673 9689 9691 9692 9694 9699 9705 9710 9710 9712 9716 9717 9721 9732 
9749 9758 9759 9771 9773 9775 9777 9778 9782 9795 9797 9798 9798 9804 9809 
9811 9814 9815 9819 9822 9824 9831 9831 9852 9853 9882 9882 9883 9887 9888 
9894 9898 9902 9903 9905 9906 9911 9911 9913 9914 9919 9920 9921 9922 9928 
9939 9944 9959 9960 9963 9969 9971 9974 9975 9982 9984 9994 9995 9995 9995 
9999 