513 2819 528 8049 3531 5002 5718 8114 2776 9112 6912 1339 1914 8205 3399 
269 434 5050 7555 6478 7160 2056 3453 4417 8983 2887 8047 7065 1934 2254 
5556 8800 5074 6084 3201 8605 7439 8919 6719 6567 4383 9983 7906 6297 4540 
7657 6566 4974 2707 474 1452 9868 8882 1257 637 7865 4144 8684 1282 2430 
938 6838 1230 6012 9274 4431 969 6713 9703 4040 3281 4086 4023 7539 6736 
8563 5197 9654 9889 4256 6480 7693 4124 1714 8950 4761 5931 9446 9797 7213 
1877 736 4051 9459 3100 3326 243 4070 6391 9946 8110 6024 384 8486 3564 
3472 3401 5113 9479 9643 9369 2311 7336 9846 4026 6287 959 9957 2085 757 
7171 314 7845 7574 9774 945 7252 6369 5015 9996 2667 9478 6020 3051 4316 
5936 2876 4069 1049 2355 3712 6771 4666 1049 6617 5044 3688 3928 5002 2125 
1037 8525 2440 8882 2451 8566 9828 6056 4935 1195 6052 7602 7025 2072 7005 
1341 8009 9881 5411 5410 8588 5475 2181 9607 6524 5150 4651 6564 5431 6005 
8690 6468 4530 1130 5351 3334 6048 5179 9390 983 2726 5442 8585 9752 3866 
5590 7445 8227 1824 9208 3638 412 4684 2171 19 7560 3674 1023 4125 9105 
7028 9167 1925 7911 6649 7276 1245 2697 8807 6987 3680 1534 2429 8617 7638 
6295 559 1435 4523 8735 644 4513 9148 1680 3036 5519 9240 6710 2894 9717 
2167 9923 8884 4093 7834 1885 7721 5431 4582 6529 2418 4614 4415 1199 9583 
8405 3846 143 9840 8369 5230 484 9234 4378 8516 2271 6250 7757 5333 5496 
3826 3853 5419 2711 7946 9605 4596 5667 5036 5531 8548 3806 145 2963 5005 
6081 1368 8852 6224 1209 3573 1454 8045 9160 2185 6562 1431 4787 671 3116 
283 4497 6969 2055 3560 1267 1660 4509 3287 3049 40 1835 6855 6537 4799 
8213 2618 2519 7065 5194 80 638 3001 4478 9798 1538 1040 7581 2677 8063 
7050 9312 8912 371 1367 2473 1639 9380 6982 4926 2429 3374 3113 5636 6263 
7912 3849 5234 6784 7266 428 6864 4257 9781 1342 407 7671 8734 7989 348 
3149 1391 9661 2062 1762 7380 4535 3401 6760 7869 4679 5541 7595 7793 7530 
3858 2057 1379 5444 8841 4998 2225 2058 9255 2006 9752 9662 9678 8487 4003 
6378 1636 5394 2391 3698 3509 9772 4585 3262 6532 8806 7942 8426 6401 2087 
5956 6612 496 3687 2056 5690 8685 4281 7748 4292 2640 7500 3955 8670 2339 
4310 5048 3976 9705 7440 4026 3214 7212 4964 6476 96 3770 770 8522 6524 
2857 830 9488 9706 4518 1544 5396 9555 2178 3144 3848 4818 6996 7803 3488 
9336 2113 8536 3312 8170 2328 3690 7736 5892 8654 4213 5989 8777 1335 863 
1653 545 1694 1141 251 2564 2685 5647 2119 1215 5143 5967 6033 2139 122 
5873 1475 8588 762 1139 6758 3090 1182 847 8983 9836 1412 1324 4965 2747 
2187 6618 3292 233 7759 9895 2797 6797 1894 1269 4364 7037 7236 6750 9177 
3711 2623 7004 2299 3385 8144 5409 2828 5678 6256 8163 5514 7668 5839 6832 
416 8026 9802 60 4612 7562 6308 3761 711 8202 5030 5075 5240 2267 8177 
769 5978 801 7773 4629 538 2269 38 9718 7947 6295 7881 9814 3963 3720 
2998 731 8099 2800 7144 2711 6714 3452 2824 3777 1654 7855 5205 3246 6474 
3382 4015 8804 4183 8141 3433 4722 410 9823 4440 4710 6118 8674 876 6434 
8746 3874 3517 6845 6674 661 5908 3389 465 8733 7166 8472 2940 2371 1718 
9414 5754 2086 4570 6289 227 4355 7363 6989 4178 1804 1699 297 6830 2575 
3083 5576 2801 6600 8774 9476 3614 1034 2865 431 6119 6383 8903 9059 5107 
622 4825 861 9060 9395 7150 9287 3750 4514 6276 7929 2670 4328 4578 5852 
3255 4013 7780 6057 613 6554 5533 579 7589 4750 1011 3708 1133 6266 9120 
6240 6888 3945 3453 5948 9693 6956 1587 9795 7822 7864 7724 6844 8544 8654 
2696 1799 2667 476 7856 9633 7031 3389 212 972 4491 7575 1032 5625 3842 
152 8217 7082 450 8023 9383 143 1331 970 9938 9153 5186 4015 5997 3730 
2669 8693 5530 1689 5521 3386 1322 8904 3128 7886 9876 7619 5462 909 9596 
5656 7413 4166 2738 7863 2189 8473 4358 3520 5796 4297 9025 982 4664 5022 
1065 3685 67 6595 5374 5588 6333 6696 4493 9461 935 721 3433 6397 7982 
3029 8405 5396 7195 7495 9611 5736 5969 3970 5608 1765 4619 4633 2747 5635 
6007 164 9320 6074 6759 4695 8015 9445 7743 2508 5258 8678 3229 8691 1427 
1212 1721 9832 2960 5268 7328 8923 1005 3297 9245 2965 1414 216 7599 513 
5851 9958 678 5172 6033 3789 6219 4048 3234 3962 2908 8493 8993 2489 7184 
420 53 5257 6605 3013 6878 3933 8289 7883 3582 7534 7200 4996 7751 1151 
1861 9954 1110 2539 1478 3495 6329 4049 3895 9563 8012 6803 4408 3357 9292 
7945 3777 9346 3202 6734 8711 80 667 3352 4315 601 887 7868 1949 4990 
9019 3811 1296 129 6350 2775 9976 9031 6824 3871 4947 1188 674 9355 897 
6319 7300 1027 2017 6855 7761 7080 3287 4781 433 3955 5382 7672 1823 7332 
9014 842 7495 310 7324 3845 9437 3652 9229 2614 7524 4176 154 4550 3531 
1052 869 7184 2079 9238 391 9840 6319 3678 973 3104 7633 6356 776 5808 
40 6142 3003 7535 6452 6679 7732 2242 331 6961 4856 7855 1137 1362 8758 
1021 2414 9627 4557 845 8866 4948 7038 1537 4978 8011 4641 8964 4367 1769 
4772 759 7911 7775 8294 715 806 2379 9309 1138 9340 4165 5345 6830 5528 
4103 4203 4294 83 8760 1492 5301 60 8530 6838 5038 6541 7831 4002 7261 
5952 8775 4372 215 2902 2667 930 61 1398 240 7551 738 757 2896 3920 
2637 3352 8123 3284 3435 6883 4776 5088 3295 3306 8278 8334 6199 6109 2336 
9812 8413 7463 537 8628 6718 9556 9558 3131 954 6150 682 1692 3260 3578 
5613 2249 3282 88 5533 3069 3324 309 8157 6619 9967 2787 4953 2519 5248 
3642 8683 3661 7457 9220 2289 527 8776 8200 3658 9730 702 692 7775 3962 
623 9740 6212 3905 9828 1745 6975 3152 8407 1484 6124 4726 4272 7429 7245 
9520 1071 2281 9534 4881 1501 1823 1760 6630 23 1771 2712 7078 2463 6839 
1040 3086 6579 3604 6992 2760 1702 319 2264 109 8155 8388 1187 8779 5818 
8433 4652 3241 7066 4186 4474 4919 2361 6235 1549 8737 4358 614 5815 6821 
7453 3207 6260 385 6812 3252 3145 8514 9923 5409 4975 4430 150 6162 9562 
5968 947 4214 5561 8013 4752 36 2933 7113 2623 834 2202 6981 7800 8017 
154 1606 1225 6414 1991 4389 6018 1488 2903 2293 6897 4230 6724 3399 392 
2638 9367 7692 6852 1281 5705 7956 1317 4990 1421 292 2177 3624 3625 9977 
7993 3779 1583 9218 194 9926 9959 2564 1414 9214 4858 4664 3444 7934 8063 
189 572 3783 7881 3776 5064 9938 1732 2733 1281 3153 3025 9810 3129 3002 
6139 1123 6781 7723 6693 3327 4001 6653 5892 5416 5867 7102 80 9312 5036 
4495 5853 5608 8278 3734 9384 9694 24 7468 2427 7657 6973 1804 7467 103 
4806 3607 1226 7940 7682 7919 1267 1683 4572 3511 3451 440 613 9883 6104 
5649 4379 1957 7609 2657 2043 6993 8704 2067 813 1131 6077 7787 9288 3544 
7890 4094 3503 5468 8386 1185 3387 9654 9221 4312 3165 2672 1104 131 2556 
7208 2132 6935 9165 9742 5944 7560 3087 4648 5979 3901 2132 2056 1688 1420 
1953 5930 1866 5456 1398 253 6642 1137 6259 2215 5449 5776 4887 6553 5907 
7443 113 8040 730 5630 4134 3027 3190 7221 7675 9170 7474 6159 7578 9162 
7579 9531 1444 5798 4988 2842 6051 7982 332 8662 197 2133 4438 1436 5039 
346 5232 5152 4738 5962 7135 8872 8989 325 6093 3017 5847 3568 9176 9778 
9082 3108 9309 6879 8906 649 6073 1309 8631 6405 9971 5180 8539 4409 6617 
3578 1107 1849 5082 2197 4163 2217 1069 9505 2543 3515 2522 4742 3435 8050 
4520 8869 1158 3830 5748 6416 831 8174 4077 9463 4579 4048 995 9470 4810 
7612 3048 2269 5813 8131 4467 6329 348 1888 5834 9243 1755 4708 338 1542 
2758 4858 6764 269 5040 8864 3037 5872 7038 7115 1687 7970 1163 2682 7440 
2325 6647 489 4595 8812 4972 5414 5141 1672 3654 975 7268 1762 5683 7606 
3304 4794 2464 6420 1415 3857 5285 4452 9729 8675 1567 7768 6645 9083 6802 
4086 1408 9801 927 2355 8614 2251 4121 3755 275 4128 1083 7543 5890 3118 
5149 5546 4264 7614 1967 5679 7823 3604 132 3904 8631 8051 1672 5277 3486 
4826 5715 4895 4628 2994 3602 3242 5245 4076 3349 5520 8204 784 9416 446 
3903 4565 5992 4519 8531 4311 199 6354 4267 6683 258 2899 1086 8282 8176 
4573 3109 243 5820 7737 3237 5774 7331 4834 9850 7032 6706 8054 7817 6122 
4852 8072 688 845 2591 9219 5156 9142 1926 9424 2177 8536 2323 9616 6819 
6851 4189 6280 7094 9 369 6683 5783 4052 1517 1986 1084 8223 6392 8901 
698 1245 3325 1386 2090 2269 6957 3598 1411 5235 9374 9941 3772 8049 9557 
6943 1252 98 3223 8346 6459 9944 5029 2242 3996 2898 580 5080 1122 6973 
334 8172 8218 3659 9558 6660 2280 2867 6610 3692 4455 2337 9985 8227 6738 
5894 5170 7991 5992 4745 2689 2451 1041 4071 1045 5037 6969 1626 6469 4443 
4951 6803 2615 9521 6815 8525 2533 9095 7745 9143 9139 2200 7832 5476 6779 
4571 1370 1949 2562 7362 3046 1603 6165 439 5674 7211 5476 8996 5189 1945 
9791 140 5101 2407 9661 8268 7284 2194 7363 1381 7689 2855 3581 5522 8331 
360 93 9702 8661 9007 3416 8059 610 9582 8498 2637 3145 326 7985 8334 
2272 7776 4826 3725 6535 839 1993 172 9385 5708 1553 7074 8563 5135 8948 
3247 1847 5393 9301 6861 752 9069 4920 7715 5003 9771 352 8148 97 4689 
2834 8721 2465 4012 2446 9001 4851 791 9173 4236 2852 726 7663 7767 2213 
2963 1014 413 8357 6667 7274 9109 5737 8546 3176 740 8317 9880 5241 8415 
4569 4427 7136 7035 8440 5935 6036 9643 3078 1561 232 5930 8639 7895 3698 
853 7210 1064 1266 5567 7732 4892 1029 3469 3438 4205 561 8108 4086 2154 
6523 8655 6582 11 2042 1374 2298 4430 1017 5377 5991 1249 1307 4631 5496 
1357 1836 2707 2422 9454 4626 154 4346 2007 9975 4136 2565 536 2244 6651 
9043 5119 1658 5625 5131 53 6999 3781 4483 4368 9158 6827 1970 6818 1458 
7466 8175 9646 6525 597 9100 1152 7103 9798 3159 7078 286 5724 3967 8883 
8727 9362 4002 6738 4987 5485 6791 8338 9267 7626 9058 4777 4453 1028 1595 
2263 4847 9771 1909 1372 6720 7361 8876 176 7159 2036 3606 3798 4112 7573 
2681 9192 3287 6683 2282 8274 8521 5425 2964 7788 3051 2023 2565 7505 3051 
513 9768 4250 6636 8030 5623 3356 5391 4499 3532 8903 2887 3491 2701 3352 
1064 5382 2544 4352 8417 4826 8978 6938 6603 8295 4726 9654 318 3644 3511 
9721 4157 9632 3972 793 7662 5947 501 3053 446 386 8308 9686 3877 1009 
3038 1293 6391 5582 1997 4809 6760 976 1747 3363 5623 2826 9369 5941 2822 
2881 2014 6979 2513 2338 4124 6527 8285 4625 5932 5084 5011 4241 4770 5240 
5250 7808 6534 7994 9742 8531 9155 2854 5859 7254 6217 1482 80 1938 3775 
2902 4819 5790 6233 3684 4480 357 6563 9118 1335 2496 4202 2698 6737 5324 
7939 8339 3132 4473 6333 9226 3004 1840 2080 5216 9095 4649 6698 5527 6587 
474 4782 7759 2616 1015 1443 3448 7725 8007 2566 5412 6855 6768 8110 9944 
8444 6049 4635 1576 6874 7321 802 6231 9161 9234 1447 8256 3883 8145 3784 
471 4971 8566 8230 3939 5933 6025 7388 3658 384 9954 9070 3591 3075 3533 
3535 1519 5934 8171 9448 2809 5492 6602 9040 4653 5837 6839 9262 6072 1336 
3046 6543 6308 7964 1125 6599 3897 3503 3987 3908 3887 294 9330 7479 9721 
9215 7366 7592 5150 1889 3392 7959 7381 6347 3351 8387 2184 6542 4001 8256 
7878 3399 1152 538 1363 8629 7138 1612 2132 7477 1872 2372 4123 1203 6203 
196 418 3569 4141 1920 5459 7533 9879 9192 3880 9582 3931 2416 6124 7932 
7025 355 7683 4529 893 5398 3158 4383 7011 1643 8213 8883 4015 2336 6438 
218 8885 3209 139 3026 5129 5598 6911 1361 1143 7144 7295 5074 9560 3420 
9359 2937 127 3394 7466 1020 8793 625 1756 5804 2268 9969 1039 2635 8657 
3830 9205 7542 7039 9344 6920 8520 1295 3832 9881 2438 976 7177 3864 6888 
6949 9575 9826 7076 2970 7292 4448 1763 4269 2556 3919 2889 2525 4958 1876 
7535 5140 1081 5077 2179 426 8350 700 1721 8534 6933 4159 5862 4110 4375 
2750 7411 3951 8928 839 3273 2573 5288 5036 6842 7844 8955 6084 6722 265 
7960 4257 5406 9042 5686 3937 9468 388 989 7541 8922 4275 8052 4784 8385 
2427 3887 2149 2730 2815 2988 6003 5388 4628 1039 8583 8825 6346 1019 1899 
2964 8979 6156 4722 4373 8194 5011 193 8583 6001 7734 3857 276 5786 8642 
5013 8214 8881 3514 7296 1696 6503 3300 3437 7483 691 8372 2660 7038 9391 
4559 6354 8370 7067 1076 9096 5262 6087 9289 197 8440 3376 4054 5068 9162 
9048 6434 3728 7929 9948 1025 5978 2803 4325 9415 6639 5016 7787 9299 8406 
3530 3859 4760 8252 926 2188 7348 2540 4628 2990 2737 9420 6366 3144 4489 
5528 2192 7275 5609 6474 3575 2986 2452 2731 7311 8219 9370 8679 2358 8669 
3438 5888 8880 4550 4140 6159 6739 7841 8699 1367 831 7789 787 7197 7285 
1628 9077 9477 5255 4686 5951 8831 7672 4755 1562 1335 2974 7284 6367 5332 
2305 9805 1220 1186 4355 1713 3697 7446 9554 8748 8813 385 2889 5953 7582 
174 3933 3011 9652 9189 7698 1955 4372 1722 6711 2286 3058 6037 9570 5777 
1370 1875 5582 8942 9413 6289 655 9462 3736 209 8211 2549 6946 1100 4854 
4528 1275 8788 3892 7279 4329 1590 5586 8701 9664 8649 987 9074 4687 557 
4851 6057 8784 6785 1351 4550 3075 2007 4012 6811 2216 8575 5712 9163 9676 
6919 43 7303 2059 287 4582 6388 1877 168 5089 7894 5170 2428 6968 9857 
9337 8172 2266 4473 4957 3617 9023 4384 5624 9388 1195 4193 7963 3260 9708 
3991 179 6103 1294 2238 6391 2228 4978 4620 8749 6419 8866 3919 8847 5835 
3776 8184 359 2394 9009 5316 6011 8033 9701 7988 3773 7248 2181 8088 6860 
8241 2080 3391 4344 9726 1981 7087 8307 6959 8060 7056 3378 6926 975 8577 
9113 1103 3113 9472 3497 2123 1141 9508 6508 842 7496 281 4442 6029 4721 
7655 622 3153 1046 1319 9232 3028 8406 7539 9987 6466 4595 9718 9745 5570 
8295 8858 3025 1409 8331 6522 3532 9472 2382 6392 6666 6231 3025 7460 8612 
7746 5115 9235 900 6162 554 132 9190 8960 7671 5529 1779 8618 5247 1524 
540 3543 382 3565 1304 8713 87 1188 4537 8821 7580 1203 5052 605 8664 
3665 4703 3779 2900 1955 9941 3454 8439 5483 8766 2462 1013 545 1080 2612 
8421 1620 6155 8804 5185 3811 3869 1624 1351 8407 446 8931 5962 1850 5888 
4626 1867 6944 4758 1119 8899 1051 4573 7339 6535 9692 9801 3900 6589 7234 
6512 5011 8854 9020 167 392 2831 388 2016 4183 5147 8814 9466 1110 7017 
1707 2088 8884 8651 6846 4 7550 4250 929 1241 7137 621 7395 1037 3563 
4629 7549 8574 9835 6569 5093 227 5753 5481 8596 6288 629 3762 5754 8091 
779 3813 179 6016 2464 3378 6020 6367 3980 3301 7608 1117 275 5003 2154 
3838 5984 9703 8764 5820 2625 3857 6047 4730 9338 4643 1018 6319 4758 3124 
4410 5537 6938 942 1553 9402 672 3925 5769 4652 3579 9730 5769 3854 1085 
4275 7692 7070 3978 6456 9242 2955 6665 5289 4037 2355 6285 5055 8675 1043 
4532 9437 2932 1470 6731 838 7224 7403 1115 9346 8407 4694 9076 4176 8548 
6513 8451 2592 9935 8782 5400 9177 8089 8417 819 2127 773 7104 3534 9448 
4499 8066 5237 3783 5888 1969 4621 3113 5724 5737 8811 4132 6783 4239 4660 
1684 752 9464 4276 688 4598 6029 9865 9039 4446 684 7518 5219 4140 1053 
1019 4991 5471 2609 5127 1360 930 9748 825 6654 1837 5988 7138 4973 227 
8151 6657 7331 3967 7285 8019 4917 9666 4237 3956 4113 1273 1475 5684 1766 
8880 3056 3109 4351 5665 8236 2063 2947 4337 9240 5953 2526 5228 3092 7499 
5455 7595 4156 2787 1562 7794 7158 6479 7460 7747 6787 7925 9021 4614 3610 
7139 3494 3018 248 4198 5035 4837 6261 7982 9174 1854 3935 1700 7082 3379 
5552 8890 974 6060 8029 8888 3854 5187 1719 7667 9287 8507 5592 4660 3121 
5554 1799 2968 8572 8399 7166 3607 3236 9779 1589 8762 1633 1877 6815 5068 
1608 2367 3958 8935 8427 1987 7823 8634 3526 5895 6301 2813 754 1893 3825 
227 7448 5624 3195 6020 376 6713 5980 9964 6493 3921 8727 4478 5798 5542 
9546 7407 4261 3504 2694 2688 1843 517 7674 1722 2764 3975 887 3518 5869 
4713 98 9669 337 3293 2041 7065 6359 8021 7030 2852 8295 5757 3682 445 
7651 3229 4204 1912 3085 6898 952 4929 3768 8627 3003 6532 2602 3890 6403 
4823 8603 6501 844 5293 9794 2886 2358 2505 7259 5740 5357 1906 7849 9040 
2352 5500 8621 6556 3764 1706 9807 4717 2987 3575 9696 5990 107 8650 9881 
6510 3474 4836 3011 670 129 9158 9908 8840 1663 3520 4580 3373 5426 2430 
8765 7778 4282 7386 687 4399 5444 494 9116 8432 4069 5164 774 528 3814 
7007 3391 3640 1844 2754 4311 8325 1912 4219 7165 9928 4091 8098 9653 9518 
6880 4770 3648 7514 2156 687 1913 3952 7533 1029 8736 7954 6193 9511 8483 
6360 6518 1874 0 4714 980 4311 3040 9245 4883 6557 9173 8974 1007 5178 
4844 7887 9948 4845 5402 8456 5532 7315 2408 3066 4697 1145 1020 7242 7008 
5855 3602 9878 4081 3603 4593 5062 4266 3985 4307 5501 6894 9832 828 7902 
5010 5672 5789 1310 517 7543 9766 2402 4859 8526 5468 9556 6023 2840 3150 
9383 8696 3105 9262 2777 3060 207 4191 7326 544 8498 9180 7438 4682 8 
5340 9692 2032 1130 7354 8902 8673 3472 7656 9884 8351 9476 5792 4374 2316 
8943 110 7364 8400 9372 142 1460 5931 685 8786 6475 9184 4318 3913 3866 
678 5606 9911 9063 3088 3617 4317 1761 7090 1973 7998 5441 1449 3790 6167 
3765 9085 6277 7482 7485 2001 3976 8945 7932 4661 4084 4407 197 4754 4673 
4064 5433 279 327 848 3367 296 5165 1480 7386 7138 5830 9179 4939 5973 
5347 5056 5058 7976 2538 8896 9978 6514 4193 4262 1176 4629 5022 1373 5736 
9695 1789 1169 6326 8468 2017 6045 8765 3534 3877 2503 7024 9708 1683 1963 
5681 3382 7019 7091 7710 9558 2339 4040 2424 2885 8303 3600 7514 3325 1326 
3250 9372 3115 771 2050 7936 9140 8095 6701 9026 1972 5556 6050 1680 3591 
8013 3713 6973 5033 805 1036 943 3144 5076 3367 6029 3379 3320 9896 3056 
4646 9498 2428 4113 6622 830 8401 5762 8925 1454 4789 7250 7011 839 5282 
602 5205 8996 3928 6590 6153 4964 3885 5649 40 3604 1679 9772 6924 7927 
2828 7922 7425 1609 8388 4047 2439 6789 6162 7717 8244 7303 4967 1607 4494 
6601 8561 9699 1949 2489 2641 8102 3805 6526 3752 3846 131 1783 9970 3407 
9710 2798 1330 3487 759 9718 7535 3199 2859 49 7268 7455 7352 8587 9062 
8198 5188 7624 7898 7138 6465 539 5240 271 3418 5344 469 3549 7127 6791 
6956 3189 9589 4638 6677 6701 708 564 6252 3568 613 3520 1023 4317 2107 
6438 2515 7295 414 6765 785 3231 3657 2378 3502 7075 7722 323 6976 4850 
7114 3932 8039 3056 4923 1068 9757 5631 1632 6009 9199 2245 5881 6575 2914 
7988 9365 5430 1635 9779 2195 2421 3010 2204 4799 2865 9279 2521 9540 6255 
3723 6655 6540 8115 6063 7815 9183 5820 3446 7168 8181 8998 5765 4062 5573 
8680 2050 1290 462 37 1069 9009 2458 431 1214 7257 9648 493 6131 9189 
3101 6206 5844 5993 673 1907 3808 6209 4079 3606 3377 8612 2604 9142 2674 
4529 7822 1076 5819 4636 1113 3240 3646 9924 24 4860 3533 9672 1705 9664 
8861 1158 2223 1057 7151 2896 9316 7311 9105 3395 7270 2482 8359 9874 1625 
7385 756 5799 8461 2927 436 5927 6168 434 2203 6192 5294 5736 2216 6999 
5401 1078 4510 3976 8487 8013 6872 7804 5325 5978 7551 8947 4812 5911 5173 
2789 3296 5929 4941 8110 8857 1729 389 5025 2163 2592 7569 7457 8328 6137 
808 81 3567 5318 4057 2055 3332 7282 6211 5009 3260 3762 308 4424 6025 
5481 7214 5674 1411 2155 3784 268 3884 525 1645 6047 3117 5566 9856 7797 
1703 7016 7879 5271 2335 8288 3678 2019 5570 9889 3380 5182 3 3688 9607 
6029 9169 6821 8055 6932 8976 1839 7200 9212 8716 5197 1611 1833 7115 1467 
9630 5171 8483 3861 6794 7170 2150 472 5541 7720 6713 8921 2903 6716 8961 
8862 9097 4483 5683 7152 1415 1011 5343 4968 223 4059 6517 8186 2244 3633 
9653 1875 8804 4488 2088 5598 8011 4238 2422 3552 8311 9135 8826 7566 2203 
7787 6428 1301 8622 8463 8453 38 9474 149 5006 6049 4208 1523 4235 6453 
1508 240 4680 312 1080 6768 2262 9091 7359 1036 2644 2022 6523 7822 9588 
8727 1961 2368 6380 584 831 1185 622 6657 1334 1980 2706 5543 9855 3293 
1996 1364 3533 3028 8028 4613 9796 6643 57 3507 7679 2701 5529 555 6875 
1469 9282 8836 189 2014 5772 1020 3199 2746 4029 4534 4726 3087 77 934 
6380 8425 2298 6265 1453 6678 7231 7601 3321 7288 7461 7353 6341 2990 7908 
3216 4460 3542 8404 4649 5556 4177 2022 8755 6923 2403 9641 8002 5491 9718 
8936 1871 4495 1234 4489 2300 4264 1720 6254 7586 9008 3715 1291 5349 6705 
5551 4917 7517 9093 3321 8519 1001 7498 541 6108 774 9296 5750 8776 4787 
1820 7712 3011 6316 5298 7500 4968 9562 9220 1222 3500 4580 4937 1143 9929 
7995 6694 1198 5512 2139 4519 4031 9492 8370 924 5601 5496 221 7703 4272 
1360 9523 8336 4371 2191 9986 1871 7160 5900 1091 4734 5753 5671 9672 6896 
1952 4019 3591 9502 9531 2082 4022 9915 1575 8744 7191 3528 4240 3764 1231 
4864 5125 7106 9552 5848 5650 9538 7720 9162 5438 5163 3896 1191 7187 9920 
4440 9139 3939 8031 8642 3471 113 9016 9738 8040 4112 3281 1568 4704 7046 
9151 5920 8523 6258 5472 4371 8260 1362 8443 7422 6800 3607 1318 4344 794 
1239 8784 6285 5178 3167 1279 5001 9632 6647 1091 7673 759 4373 5593 1815 
7771 4745 7735 2646 7355 9559 7017 5615 921 5461 3037 4074 5420 707 4770 
6214 1946 9906 8851 3477 3073 131 8478 9057 6778 5922 3082 3890 295 8676 
5705 4418 9773 9793 7064 3480 5704 433 5447 2978 5894 8484 3404 7666 9191 
8174 3880 7490 8080 9084 967 7505 9215 5797 6562 5993 1719 9645 6235 8366 
4673 8293 2784 4446 4438 9848 7926 142 282 3373 9472 2528 8209 2876 195 
3752 1050 427 7594 5482 9511 4913 2987 5078 711 9550 1072 8782 5547 3659 
7149 220 1952 9933 1018 6390 6134 5296 2885 6416 8669 2357 5296 3230 5234 
1843 3334 2636 2271 929 8119 8134 5842 1106 3213 2905 7008 637 1688 2555 
4296 8837 9127 2601 5122 145 8991 7608 5441 8228 376 462 586 5673 44 
2172 7516 3379 4808 6139 660 2927 626 6502 386 3839 5760 7394 828 7448 
6302 1476 2637 1781 4077 4111 8279 9421 1720 3720 7649 2096 535 4587 4121 
6931 3111 1638 6662 7920 4129 7322 7199 4755 177 7585 4946 5937 1332 2126 
3385 7634 3603 2374 5767 4032 6485 4046 3453 4557 4119 7455 3006 4654 8394 
7127 7937 1506 5117 4600 5778 5599 1922 2977 354 2099 6915 1653 4388 8247 
3779 7773 2233 7382 6499 8000 1415 9337 2047 1220 3894 6166 5027 3252 7172 
3422 380 5109 1280 1849 9709 3410 7448 7984 2739 4155 83 9654 5808 4472 
4253 9587 8597 2838 3322 1449 839 1089 786 9238 8661 1032 1756 3689 4285 
5280 3463 1017 6741 1095 2866 2803 4505 6667 787 7244 822 7222 3251 6630 
1694 7504 2569 6644 343 2243 8093 7534 3332 5231 3124 1994 6263 1232 2035 
6900 6512 1850 7917 9605 2945 7136 2408 3802 3803 3195 7398 4625 418 649 
7607 8464 4506 176 1460 1201 2420 5905 5087 2104 1136 8211 450 3752 5795 
2485 7004 8659 687 4922 8264 3632 8410 673 3786 2213 220 1185 3190 638 
8186 797 5455 2692 7325 6915 245 9745 9173 5332 8202 309 9895 8652 413 
5690 7490 7418 4349 8177 8692 8966 1810 3454 9639 1948 2019 9859 3133 5209 
6850 1320 2358 2305 364 9683 5572 610 5781 4745 2294 3983 1407 2190 8987 
8172 4232 6477 5590 4934 4655 634 3900 2817 4088 3539 4765 6107 9750 7899 
7668 6600 5571 6378 5257 2287 6062 830 2897 8195 1927 1544 8530 3334 3734 
7517 1507 4318 3995 3449 9252 8650 436 3152 1467 4524 3043 2584 6984 9146 
6835 1004 5746 2406 7383 7356 4694 3445 8186 3943 7992 6465 5487 6522 6152 
5573 4039 4011 9892 8034 7460 5496 3036 4248 5001 855 8773 8044 3440 2109 
7190 275 3113 9289 9034 6848 6645 3728 293 1183 4023 4637 7648 9511 1159 
152 1436 1551 4163 1328 9585 7976 3177 8974 2224 8178 9829 997 6222 3269 
9458 9765 3545 8924 5406 8931 5772 2051 9011 2418 9586 3034 7055 7234 8897 
4567 7387 334 6118 7902 8014 2055 5878 1191 1029 8103 9369 859 5452 1944 
480 4911 8061 377 3835 3467 9308 5959 5518 8319 8377 5104 7706 5433 8690 
6603 6352 2429 3289 2470 332 1304 877 6210 8847 1907 4313 8217 9118 9766 
6513 5950 1029 4574 6328 1216 8041 1988 7175 9911 6660 5553 1367 4366 7338 
57 969 3690 8839 611 2512 9171 1915 3389 1733 762 1648 6047 5331 7118 
2165 1844 3069 9546 2770 9397 762 811 7737 7937 7074 4397 9842 8441 8763 
7180 8499 6085 7222 7338 6696 9734 2861 4963 3124 4594 5725 1124 6993 7409 
8243 5510 5605 1312 5056 8376 7061 2170 5539 4798 108 2614 5548 6302 1055 
663 9835 9554 6748 7057 3244 9796 6792 2457 4759 6268 7052 6837 3744 4045 
4246 1987 5908 9851 9651 964 4579 6712 9487 119 7863 5947 2733 9763 2249 
3788 426 2084 9695 7175 9142 9291 6971 2286 1749 8083 4906 8801 4920 8650 
9198 9166 6990 1458 5369 6641 8775 9949 9706 8262 68 3921 4209 9153 3684 
6458 2941 4110 8543 8988 7637 4037 8280 961 2675 6381 9044 7581 5182 3964 
2583 732 9482 9573 8543 1203 6215 7318 1152 2273 5580 7572 6194 9789 6725 
9878 2599 9667 3988 7494 5007 7978 1531 3287 8939 558 6020 7983 8139 7554 
8299 7075 8287 4133 6648 6830 5336 9215 500 6489 1488 6080 413 7682 2221 
7139 3912 4820 3158 7901 2315 8165 2231 198 7805 1170 757 3825 5505 5248 
1380 156 2323 6019 4289 5324 9201 9625 4539 9701 2466 2380 2133 2880 6414 
4354 19 327 9174 3177 4580 7841 7694 6811 8040 5499 4333 5149 5677 9838 
397 7057 9994 2721 3076 4283 8045 8629 260 8936 8330 2727 7668 6815 1959 
4083 1169 1978 762 6695 1507 5342 4537 5553 8505 8929 1053 2838 4078 6730 
2676 4475 139 9022 3548 9567 9657 7945 8196 9917 3234 2878 8996 902 9693 
955 1337 7214 9285 2099 3909 792 7441 8446 6346 2298 3727 3751 5136 7805 
6833 4164 8633 3324 3186 2181 2891 9195 6479 7439 9113 9713 6669 8109 6967 
2714 5417 8305 9928 4702 404 3837 5495 4198 8636 8193 6496 2363 8296 1633 
169 5129 2149 5154 4805 1688 7335 7696 883 166 1487 9996 6231 8156 4458 
3199 870 9875 1504 798 4577 8260 4635 6424 2458 9623 969 8955 1987 9265 
6940 8508 746 5441 3662 5551 7129 7349 9599 8013 7516 1086 4361 3747 9242 
5171 3298 112 5046 4802 7262 5976 9415 8250 2400 1873 7873 9722 7180 6212 
8987 472 4720 6086 5914 4734 7989 9395 8436 7589 7408 5952 5027 8122 6051 
4270 3293 5702 734 4692 6856 7997 668 6271 6247 9420 8145 472 9142 1677 
6685 4482 2150 7757 568 4416 2492 4909 3811 7280 8850 7572 9584 3878 5694 
5635 8148 5339 7689 5234 31 4546 3231 699 817 5830 6472 8962 6303 5614 
640 9340 96 9142 7097 7016 3558 5941 1926 7369 3221 776 1293 2805 4654 
6987 4793 9154 8679 2482 4389 8710 7028 3972 5762 4198 6155 2234 9512 2458 
7848 6504 1798 4297 5646 5247 1313 9204 7541 9591 2926 762 6720 4219 9920 
7726 7559 4713 3233 6238 3547 7622 1300 6928 7946 7062 1126 4101 5648 638 
2911 9849 7143 1061 4146 9141 6309 1811 8346 202 7755 7624 964 4475 1843 
884 2201 5754 1949 1786 1992 1849 5760 9645 8777 3707 6707 6255 4160 8708 
6893 7072 8557 388 4485 9055 9530 7146 7218 4228 7348 4973 1852 8313 9448 
47 5549 8002 2154 3851 6140 4146 5700 1901 3791 829 5608 6851 7084 6120 
1911 329 3192 468 718 7678 5875 6600 1176 3093 828 8525 8067 9032 3190 
3867 5431 8739 8221 7585 8942 4362 8084 4642 2615 8227 5471 8223 5078 2555 
4343 3341 9237 3888 3809 9955 7918 6036 2907 9094 9130 87 7619 3549 5471 
809 3768 902 5901 8342 4840 4843 9056 9276 5838 1671 7503 7661 6246 8934 
6569 6941 2275 5806 829 2437 2113 5099 8473 5020 4194 3955 5107 8165 3856 
578 5327 3977 7832 7580 2319 9024 8775 7727 8300 4613 9398 5804 8627 1996 
4738 5196 8937 3365 1002 6119 5802 3115 1218 628 4487 1764 4583 9594 6282 
8440 6524 1609 8769 4356 5541 1088 3381 4316 5167 1681 5282 4565 3837 3909 
2913 4927 9105 1850 8293 6459 7969 447 5926 5540 1075 413 7304 2011 7 
3586 6803 2883 1547 5572 7239 7088 6660 6972 1405 1827 5006 6687 2744 5195 
596 2009 123 6053 3859 8416 2512 8181 5215 8438 3721 6291 8851 1025 8302 
5210 964 5105 8093 2511 677 1684 9600 3689 5009 1005 1868 6367 4044 4612 
1562 992 2973 1685 7045 6832 6453 5909 1365 1669 699 5086 4312 5902 2464 
2614 7464 3428 4071 1909 5939 4748 3593 5539 4789 4954 2896 6657 1321 6940 
7621 9236 7932 594 7273 1329 7426 3727 3590 5144 1748 4289 230 2412 191 
2694 1378 4007 6122 5449 5916 8414 6549 9510 3953 1338 816 3202 7995 2138 
142 5616 7726 4427 6210 4999 2108 9988 5078 5699 5132 3178 9988 1715 5590 
6532 4409 6968 539 6884 2417 2808 1650 5318 2318 1955 6656 9486 5157 4651 
7976 1652 6619 5702 6079 2829 702 4539 9170 5780 238 4302 8959 6579 2369 
4549 9463 6779 7870 6354 15 6639 9162 1665 1958 7832 9972 8614 7319 5130 
9618 5295 6782 6237 998 9213 9067 1700 3752 4589 3832 343 5243 2791 6922 
7613 3693 2737 744 1563 9091 759 8202 8254 8776 160 2438 8748 5127 9757 
230 4745 5053 7012 982 2403 2577 6401 455 6330 990 4287 3025 6234 7079 
9947 3847 7124 9036 4591 8687 8127 1702 3241 2733 6830 9754 5172 5578 4881 
4929 2161 5978 6334 9173 6960 5089 8103 3362 5544 785 704 6184 3810 6938 
9615 109 785 6739 9145 1728 5426 7272 3430 5019 6358 260 4773 1530 2191 
9654 2811 4352 1984 5498 9877 8945 6939 7980 8659 8836 8765 9363 5020 2575 
6302 4635 2684 3439 7726 8181 5168 3152 1806 4950 8171 8164 1563 9297 6046 
3754 5303 5209 8106 7288 7059 4335 6233 3999 2316 1244 2835 7433 607 4207 
9 3261 8842 9045 3053 2920 3579 4573 6072 5385 5875 595 9901 7438 6244 
5947 1192 1548 7508 5650 8836 4568 9986 1421 4919 2302 2665 4106 9735 9624 
8313 6096 9238 3507 1494 2291 6427 5073 3216 8851 6810 9091 5798 6711 6530 
2043 9010 7722 3591 6518 3373 2427 7438 9711 3848 2357 8365 2865 6463 8100 
2489 4776 549 1727 4635 8395 370 1062 3468 3586 9913 278 2678 5712 3341 
9208 7755 2351 3282 7698 8869 3007 6477 6308 2718 6677 5017 1083 9542 7833 
5536 2031 2609 6085 111 7245 832 481 4659 4300 420 4573 930 3098 6637 
4271 8658 744 6622 1940 8442 1843 4948 4919 4503 4018 1596 5873 5102 1138 
3706 638 9521 6315 3075 5984 9912 3907 2818 4572 4559 3238 5497 1841 6336 
2134 6112 4994 9230 9086 3286 7672 7281 4586 8943 8137 8605 539 4010 3707 
8029 7716 697 3902 383 124 6239 6648 383 9057 7572 4942 2295 3069 3135 
8631 1555 9247 9977 785 4685 9615 4809 8318 4202 3752 6455 2807 643 465 
2866 5024 8181 9915 8926 8565 39 1517 5213 6774 574 9137 1716 2869 2206 
1203 7852 113 6802 4181 898 1487 3797 5707 9805 7999 5811 6261 7158 6454 
3078 24 1478 1260 9939 6756 6177 6330 8274 7742 3104 8848 6879 1172 8070 
5437 2375 5922 5550 9177 6456 2800 7016 253 8507 3173 4604 670 5786 1762 
7124 8865 8138 4954 6477 4429 1710 2654 759 6336 6748 215 1537 3627 1387 
9607 5416 114 1881 966 5643 4689 3766 2659 1294 8625 5832 5898 9295 1619 
4012 2771 484 8502 7725 6961 2931 5787 5967 42 2124 2715 6609 13 2694 
7996 5972 8110 4462 4205 5428 105 8895 9194 2764 189 4171 4949 2440 3466 
2920 2804 6237 3404 1307 3962 6717 4238 6101 9036 633 4577 8103 7242 4590 
7149 1591 6914 1611 6053 1120 7039 2511 6367 2585 5275 2908 6756 6576 5348 
6574 9496 4505 2811 9252 5812 3125 2321 6402 5578 1357 7035 156 5812 630 
1098 2961 2221 8013 4572 4626 5485 7963 7137 8204 548 8765 1112 3656 5341 
2813 230 4838 7318 9393 4090 3130 8870 6412 5884 4449 4121 2920 4605 9934 
9902 2055 9247 2123 68 172 3101 1905 8135 239 109 5036 9004 1222 8692 
4345 387 8923 5535 7705 4668 5978 7187 3539 2390 3071 7988 2863 2343 8945 
9149 2245 1000 8397 720 7421 8569 3822 9326 3056 4061 9436 8092 9417 7010 
6785 114 7397 2060 5650 5102 6728 1628 8641 267 370 8064 4607 9585 408 
3552 8735 9005 905 3484 9726 8326 8405 9900 7652 1461 3961 7088 9554 9730 
4098 2691 9844 7847 4751 1846 2949 7831 9826 7942 8099 6548 6007 9058 6134 
2767 2611 1221 1772 3516 1057 7850 8194 9462 7750 5846 7275 8063 9287 6829 
7793 3385 5872 7638 7585 6975 5836 534 4807 5663 4829 9258 2211 7188 8316 
8345 9955 7279 5918 8079 7147 6975 2282 5341 6437 32 7540 3713 4448 6827 
6894 2241 6564 9119 6231 4149 6094 2068 1036 901 7731 5865 159 6294 9405 
4828 4640 9360 2107 6910 3791 5607 3886 6073 948 323 2458 4840 388 6906 
1667 3635 9147 8232 2754 1731 2381 8848 151 9769 6102 4234 5634 6261 528 
5039 7441 1520 751 5901 8431 895 1508 2317 6968 8808 8992 5778 3649 9381 
2684 5316 9368 8184 9900 2122 9915 8634 7322 66 8403 3424 4300 390 6038 
1180 1781 3479 2701 2533 9380 1132 3428 7240 3449 6748 6049 2441 2527 6050 
8174 1563 7718 7542 9747 7619 6016 6014 6253 3339 2432 1008 6763 3084 1398 
9153 4265 3180 2633 6966 2065 8365 4450 5493 1958 4251 8593 8007 6692 7472 
409 1219 9036 8127 8761 8783 5746 1130 1150 8351 4469 9934 9360 7584 3019 
7110 6738 3636 290 5723 6954 2355 440 1404 4200 2398 5655 2794 6757 8699 
6618 7166 9918 5654 1646 5032 790 7392 6162 1940 2096 6983 1874 7808 4567 
1245 4918 1305 4881 5209 3380 1835 3916 3821 9591 8117 2571 5246 7263 9329 
298 3881 2847 216 5888 4493 1600 6678 8238 7762 4970 6686 4745 3196 4494 
5665 794 9412 3322 5675 973 6703 3863 1242 6876 3454 9359 9447 5053 2974 
5128 5351 3207 4328 1919 9095 8821 3520 5773 3411 7634 7095 97 8732 6644 
4591 4397 7438 356 7719 3113 7681 774 3328 8923 7650 6783 4634 3450 8188 
7608 8578 3539 7168 2906 5458 6263 8080 5330 8389 1491 2965 5484 1589 1697 
2128 2532 2446 9566 9240 165 9032 6922 940 2360 2197 4942 5495 6832 8392 
3683 792 3323 3574 7960 2581 5385 576 7013 715 8965 8505 32 801 6446 
1729 2930 5330 4175 8848 4571 693 4232 1493 7985 6593 42 2927 8440 3226 
7672 8476 4019 7347 2050 8331 6280 3787 5259 3294 4503 4224 8151 4535 5026 
4597 2617 4308 9927 6792 9508 850 3837 3741 2343 1822 6686 8738 1102 5126 
1964 8774 3602 5983 2473 2005 667 8753 5792 5926 2047 295 6503 6550 1183 
1529 7499 3800 2189 3779 6944 1697 4629 7134 1790 3325 8956 8476 2063 58 
3603 4027 5184 3557 6363 7657 5562 7030 6411 1355 9308 4810 8002 5811 1361 
9185 3692 5212 9337 2233 8991 2634 283 3621 9768 2073 6946 8724 550 9009 
5135 505 9388 319 4062 5751 4329 9625 9133 7092 980 4794 8254 5334 605 
5967 4520 650 1180 209 2883 171 2843 9518 3792 8963 1592 7090 4040 2142 
2451 9175 8999 1840 5846 3061 3943 6527 9038 3077 3619 6370 7871 1874 1705 
4828 4193 2577 1830 5373 2786 4714 5545 1982 584 5689 945 2176 9132 4985 
670 1583 512 9669 3423 2711 9083 7367 9238 8121 6796 2858 844 4667 1084 
2549 5847 5277 5126 7678 7003 4264 8744 2548 6246 9328 4589 7192 1505 3721 
8529 8527 5305 9042 8197 5080 8105 3632 8799 7343 1753 1947 6553 2597 2966 
3989 1498 8814 9267 6624 6492 6270 7241 5236 5170 3487 916 6111 7031 2421 
9833 5561 949 1490 955 5498 2922 9060 9130 8074 2755 7235 21 9309 6185 
2988 3298 7683 1802 8917 660 4646 1539 7901 6234 3061 1388 7150 9173 4772 
5924 9006 333 3225 6848 7640 5075 9770 6700 557 4196 9455 7792 4218 5116 
3977 7206 8415 8013 5360 3684 8673 6358 5224 2926 8944 8285 666 6094 7458 
5438 8370 2816 5771 7947 6016 9763 9374 2139 2815 9931 6335 8623 7724 553 
3739 8053 4111 8506 2418 5823 2191 7443 8533 3767 369 7477 2052 1036 3572 
5863 6474 8294 5031 8598 2594 7400 4713 1968 9539 7529 1900 5874 6152 5976 
2780 6243 381 6891 4750 2800 9067 3293 243 7600 7060 6965 5078 5464 4353 
5002 7679 7179 9648 9063 5777 2242 6463 6843 4211 6002 4372 2463 8228 6876 
4791 1008 3119 5172 7900 4221 4324 3319 3866 920 919 7278 7885 5997 9095 
2238 7351 3126 9417 7000 2189 1547 9242 8652 8390 9805 1006 9114 8620 9235 
2342 3411 243 1813 4936 4495 2387 9260 7814 6253 180 5086 9884 4417 7435 
8979 3007 4787 2105 8777 8139 4295 6676 7381 9299 1418 3539 6658 532 8511 
2245 2874 1923 2488 1039 6859 3336 3426 2471 1150 9680 9004 2588 9564 3421 
24 4895 6429 4811 7000 1558 2950 7647 8234 6683 3299 9652 6574 9957 184 
5086 2202 9410 3361 1042 449 220 4378 228 9043 1881 9908 8047 4469 5824 
1469 845 7071 4250 2008 4071 5808 1310 8071 4042 4346 1370 46 920 7679 
230 2358 6233 5992 5719 3627 2793 2291 4358 3021 1335 6239 9281 5734 7060 
1457 7203 4258 8528 7805 6266 8952 9965 7577 7023 359 1923 4745 405 9195 
2424 6987 1554 5009 2979 7273 8636 2125 5917 2994 5146 3604 5585 780 9338 
8998 2237 2894 3256 766 699 9522 6070 7017 7099 3093 7376 5374 7838 7782 
4570 6614 1121 6124 1623 4101 9749 6611 2578 2018 9606 4076 5622 1543 4856 
1313 541 7094 4207 3797 4212 1258 3320 282 8275 6771 9727 5652 2146 3917 
9786 3068 531 907 9192 8506 1360 5293 1469 3938 7312 1075 8015 9286 2619 
9223 599 3160 6317 4806 3310 6881 2417 6630 3515 692 9753 9594 2696 8251 
3511 2482 1319 394 9742 6863 8900 7454 2157 370 1393 5821 7797 5760 1459 
6768 4983 2059 6281 7653 3217 9591 886 5634 2573 4402 6327 2326 348 5375 
578 3860 4210 1897 4254 3952 8761 9507 1406 7270 6229 9151 9443 4026 4911 
902 7147 6247 9313 3428 3900 2531 3019 1138 4517 5592 1892 7196 4270 2241 
2572 4848 6101 6782 3098 355 7086 8211 6214 8492 5481 2443 3996 1276 2822 
5259 2178 9969 1506 1492 3397 1758 375 2768 2897 4892 8360 4789 2089 2630 
7030 4661 3831 3131 7795 6929 9839 4881 5140 2405 9725 6973 4849 3721 8249 
7671 8981 6779 3992 6839 4623 7389 8598 4998 6509 7847 9891 1221 2636 8332 
203 9667 9345 4034 9150 7140 7315 5341 2021 8807 4099 8098 5780 8948 1820 
381 2971 7153 7161 3315 3992 1784 7056 8942 3135 3565 6789 3026 4786 5778 
7710 4989 1797 7055 5376 7299 4195 2691 2641 2568 1499 3092 666 3631 2040 
8838 4013 1363 2343 7526 4678 2688 5662 1734 1630 8797 1651 4772 8175 6437 
550 5885 7778 2347 2940 3154 9646 7135 5846 8639 6055 3697 1731 6722 7328 
123 1912 1341 1486 4256 5219 2516 6944 882 602 4926 6031 2253 9698 4207 
8690 6600 6444 2821 8947 9385 5975 4946 2872 8173 3585 8928 1870 5317 2002 
9199 5440 266 6892 3279 874 2112 5795 7818 9346 2750 9097 5377 5003 5147 
5936 46 1748 2381 2867 7047 1766 5194 1993 990 3368 5579 9918 1590 7248 
8272 789 9040 8539 4034 2319 9413 2498 4467 3584 1844 7217 9033 3573 8572 
532 9510 4970 8632 1891 7837 5680 9 9384 4025 999 2752 5956 7270 694 
3204 1894 1484 2245 6785 1870 916 2551 4368 1735 2487 6212 8952 1520 9785 
3877 2052 5647 8847 685 7538 3037 2717 7547 8773 6742 4899 7877 2699 2169 
8571 2255 415 55 852 7201 1925 1769 9752 2645 3504 2239 8857 8809 111 
4995 9038 8515 642 4237 9200 8181 7274 8269 2080 6047 1364 3331 3924 415 
1852 8848 2670 2268 5255 3523 9469 7181 1644 5573 9826 1500 7812 5036 6661 
7923 31 5699 2790 7025 9937 8343 5206 3563 6612 3639 5963 7976 6970 6239 
8391 8823 5087 7414 7443 343 7289 6912 3876 8933 2485 54 6785 6649 5090 
3447 924 1473 9146 3714 8499 9083 2057 57 8999 8670 3696 4962 2998 7019 
1201 7742 2194 6289 5156 9637 6632 8797 2901 508 7730 5386 562 867 8387 
2005 4314 9311 3478 3461 3025 8329 8896 5083 8387 7895 105 8435 2857 9455 
1806 411 7197 4000 6700 8705 9989 9684 7502 2890 6544 1584 4628 3458 2452 
3015 5463 6766 8678 5294 6579 1704 3623 5476 3139 8362 9723 9596 6798 8933 
9051 8604 9344 6249 8957 6044 1306 8946 2080 8809 8189 8624 6745 2817 2082 
9197 2185 3898 2316 863 9192 8895 8919 9167 4371 8410 7530 4095 8006 680 
9380 3410 5636 8724 6011 4593 1120 7317 9892 3200 2478 8081 1824 9224 898 
258 8421 9435 4156 737 6651 9700 5985 5570 8868 356 333 2750 803 8339 
3430 183 8101 9066 5259 4112 12 6379 1430 9904 9579 3908 7985 7755 9484 
5235 8014 4258 4671 8522 4995 7674 8223 980 3244 7091 7689 9929 6193 4844 
4621 5975 1380 2722 1393 6639 6835 1405 3019 4617 7661 8950 4877 5646 6706 
4362 7234 1072 8620 8257 9594 9967 5931 7817 7300 5527 1260 1341 5457 3805 
6185 78 9780 3917 2800 1174 6909 5987 2579 9928 604 241 5230 5482 2239 
1936 6196 9473 9360 4816 4082 8955 1135 13 3124 8435 5541 737 9776 998 
4542 2314 7428 4323 6231 228 1849 3140 6216 4428 9420 3172 1021 4651 8654 
9613 2939 1202 5438 2300 6018 9521 7607 7154 5886 7083 1941 1427 7820 1718 
8777 2363 384 6205 3038 2967 2786 4887 2460 5354 5667 1880 8526 3041 2883 
7181 2654 2175 8383 4444 827 754 3965 4786 4260 9852 1869 6201 7631 9690 
4271 2761 8405 1007 5318 7795 3975 8104 2682 6435 3458 4701 4667 1985 7742 
3903 5518 6748 6078 253 1193 3257 7359 1510 8043 1619 7714 9912 4173 5346 
5954 4796 4459 711 5804 9777 8506 9779 7882 7540 2566 7692 8594 3585 9677 
6336 7488 1547 9437 9918 1801 6982 3175 9160 8492 7570 7132 6207 7483 1305 
7905 9789 6101 2364 501 8257 2141 5359 4388 6375 9252 6954 4068 7846 540 
97 534 4380 1645 9971 4299 3446 6953 3826 8958 1798 1397 6090 4357 5232 
3747 2262 5021 6201 4626 1874 4458 3119 3586 8847 9495 2838 2153 9915 684 
2693 12 1218 7074 1657 7542 7725 1455 847 1551 414 2645 2948 2856 7002 
4532 6604 5616 9554 2805 6594 7780 3615 9714 1366 2462 5561 4204 4616 5476 
1240 3661 5488 8811 7087 7146 6353 4812 8601 3552 2716 5367 2550 5664 8224 
9552 197 1180 1521 6103 3985 8115 235 3952 7829 1602 6415 9742 2158 7383 
5218 9751 7396 7059 8562 4484 557 1267 5648 9158 4819 8364 878 7369 381 
9102 3274 6930 282 4795 9385 619 2910 9620 4571 7092 1222 7338 3186 9733 
1073 8405 9484 8470 1816 8046 9306 2373 9313 4954 7883 484 9671 8761 7854 
52 7863 7480 6982 4497 2275 6367 1468 1537 2339 2392 4981 3562 9730 8168 
9647 7156 2925 9131 1978 4741 3529 7636 7114 9194 8942 4997 9678 8613 111 
3884 8665 7974 1364 1999 8824 9991 4718 292 7881 7058 2684 2862 6972 8767 
1030 2971 2275 3955 2102 4253 5048 1983 1889 8514 1177 831 9864 7207 5797 
9975 7444 814 4301 5160 2814 3125 1504 3884 9770 9385 7294 8806 2247 618 
7573 3278 3589 9848 3585 2043 453 4986 4026 8694 3500 1555 5878 9716 5115 
1675 9691 8911 8841 345 4071 1655 9822 5575 1892 9592 4960 9186 8399 3560 
6157 2324 3190 9746 8525 3127 1790 5330 8113 2168 377 7966 76 6255 7682 
5191 4282 3726 4102 3123 4071 4525 1131 3893 6453 9375 3486 7765 4913 8237 
1325 1070 6913 4515 817 5438 7643 8959 7121 2108 1127 7498 74 7555 105 
7757 2746 4387 7835 3200 3862 1906 4078 1345 5799 531 720 5637 8296 5634 
226 5974 3056 7140 6841 3873 8930 836 9184 6051 2945 312 9901 9371 4219 
6 3480 6966 745 1315 6518 4608 3221 6948 2305 9021 7479 3026 1010 2128 
5012 1237 4454 8068 4729 1295 8294 11 2132 7478 6063 5077 4142 2316 800 
8362 2323 4281 1680 3068 5596 8198 4028 8818 5147 6334 4191 8978 5712 5201 
7458 724 2790 1912 5144 7519 9560 3438 7531 8044 917 9946 9473 5059 8614 
273 9773 937 4554 1453 358 151 6004 738 8969 7503 7072 3160 6481 9136 
4713 292 6212 3856 8556 1357 1375 8116 4795 5258 2512 5712 1556 1985 7124 
171 2259 6897 7460 6813 4703 7818 6964 707 4909 2285 8210 8333 5445 1043 
7470 6511 1335 3682 367 6244 5039 8094 712 9835 9705 3225 1899 1261 5210 
5375 7784 7469 8625 5245 4283 3328 9415 1247 387 4324 3533 8597 2658 5330 
9640 6480 8193 7328 162 8560 3572 1554 3007 4284 1389 2712 3861 9640 325 
9072 1368 8110 6541 6345 9707 7176 6025 5474 4776 6412 6151 4661 1361 5161 
6343 1001 1641 4537 4681 8155 9449 4605 9709 2456 5242 7450 1520 9103 3443 
1846 8175 4811 9956 1069 7508 6015 8245 3533 1489 9373 9945 3992 4034 1306 
9153 378 8659 7146 4915 3341 5302 716 4298 5011 3173 9540 8814 4693 8644 
2257 2891 3171 3420 2847 4240 928 5214 8838 4461 6704 8211 758 7048 2246 
8416 6202 2624 7075 3348 3891 6768 8650 959 1067 14 4132 607 5180 5178 
5603 7437 8069 8775 7209 7269 3015 8137 8835 1853 8950 1891 6417 9708 8940 
8663 8124 5142 7639 1551 4842 7882 8320 3493 8841 5739 9859 9326 2698 5039 
856 8302 8828 5277 7077 6037 2546 6444 526 1382 4650 9476 3273 1067 5536 
2213 6082 12 3707 3721 1563 8550 7955 6235 8395 6796 1974 4606 6122 1025 
5997 6978 5679 4825 8608 2756 7214 1154 5552 7740 8888 6554 3568 8514 7621 
9104 7079 55 9116 7139 128 7031 5689 8083 3267 436 4880 1593 5042 7354 
8970 1039 685 4649 2216 9293 3757 9430 6799 9310 3522 2040 5864 7090 6906 
9838 2546 3985 9893 8014 1124 22 5045 3165 8105 4664 3601 9337 2610 4995 
3044 1580 6034 81 6230 4602 9374 9987 384 2525 5649 3906 4565 7866 7348 
1471 7704 9894 1809 3949 4260 9285 3971 9306 2451 8429 322 2404 4118 2932 
7400 7162 4513 9786 3595 7095 741 9321 7082 1125 1847 2732 5032 2764 598 
8732 588 4654 8627 2397 8603 9239 8034 8927 8545 6837 7356 8868 5594 7826 
1800 2994 1341 2665 9132 4936 9760 9873 4258 3195 999 2457 2279 2383 5221 
2877 1115 2161 3883 6094 4558 2486 5334 8945 7765 231 5782 1473 5451 1376 
9300 3604 722 6993 6269 6207 1929 2382 6080 2539 5577 3431 4996 7856 2166 
6570 7085 9634 8731 968 5728 9642 9806 7414 8587 3924 7646 721 5397 3097 
8450 4697 3053 9172 8042 9323 5379 9972 8057 7812 8863 3634 7595 212 1490 
9762 3134 4927 9396 1865 2247 1476 7859 8405 8891 2798 2329 2889 3520 7727 
2338 8322 8776 5392 7494 6819 1067 9226 3143 9124 7038 8358 9110 985 8570 
600 747 1704 1879 6495 9922 4126 7972 4133 2531 3215 6932 4861 6104 6804 
8940 4794 5126 7716 6538 8972 4535 7605 8198 4030 3081 1588 2389 2191 2574 
959 9143 9673 9016 1022 6169 5290 1500 493 9423 384 3708 2707 5245 6164 
5863 4185 958 7341 8253 3849 6314 9141 1454 864 3171 888 2453 5560 3079 
1379 2872 8575 1052 8240 5949 3573 3530 7450 4066 9305 7834 7774 8365 9431 
3938 4228 9968 1249 7922 8221 5098 4236 3714 2904 5100 6886 3792 3905 8798 
3224 1636 8022 8151 2689 6262 4100 6262 6144 1550 329 1802 5736 4455 167 
1519 8394 747 1487 5995 8669 6061 1093 9257 9775 349 4358 3013 494 4615 
8164 3718 6252 6186 1869 5293 8801 2321 7907 4945 224 4588 6747 5960 9044 
3266 3832 3790 4014 5319 9785 2683 7732 7230 8293 3860 3931 2651 3225 4425 
3618 1389 4495 6222 7576 6364 7867 2729 8686 5775 7674 8910 363 774 1222 
9407 4040 5054 3197 4406 6726 9334 3442 810 2916 1735 1022 6848 738 4248 
1273 4356 1989 2121 6931 5917 8485 4798 8646 3523 573 6321 8785 7289 3447 
6360 6696 7487 7766 6246 8246 4492 1932 1688 1655 1201 3423 2677 8049 4161 
3277 5674 4869 5267 7795 8152 1184 2633 2951 9831 2508 9876 2504 1294 7165 
5951 4006 214 9790 1772 2812 8036 2617 4744 9724 4272 2297 9499 3301 346 
12 6579 2373 1234 1846 168 9386 9382 9153 8689 9213 1662 8566 8069 9308 
2083 4020 9666 2297 163 1438 1461 8199 407 2558 4276 4679 4855 127 4333 
1554 140 912 3927 1374 9110 447 7112 8492 9601 5802 4058 7615 720 2127 
3275 2803 2500 2941 1453 2663 731 2914 7214 1139 5472 1490 5818 6680 1618 
6503 8234 8110 7415 2161 5836 6525 2608 2948 1370 8561 5102 5428 2528 5822 
3907 5803 8626 6407 5096 79 9070 5828 9345 6285 3319 1170 4127 9137 7850 
5745 5641 6084 207 9408 8245 6043 2286 7205 5344 3656 2119 446 5436 4647 
2621 9343 6803 1247 5751 8251 7678 4821 431 3375 7458 3750 4545 1586 9240 
2395 3683 1233 8479 3891 641 3076 6286 9279 282 7982 2935 8753 4781 4723 
9752 7402 4067 2907 8649 6170 1159 2679 7343 1590 6054 4802 1693 600 6388 
933 9347 6423 2166 7827 6666 9159 7255 9305 8439 7537 7287 7726 2642 8420 
2450 2395 5822 2869 5302 823 9039 2813 3502 6382 756 5909 1184 2449 2861 
3924 3382 2208 6700 1900 6387 3366 1059 3643 9023 5850 7532 6311 3577 175 
4731 2379 8922 6906 5248 4224 7729 639 7038 7584 7021 4146 3493 4558 6595 
2706 4834 6329 1266 1534 8229 7654 1253 5640 7649 276 7843 5181 2939 7772 
1708 4023 151 630 7281 1751 1207 5010 2390 8245 2594 5763 8743 2439 6673 
5338 1497 7860 1667 2764 9394 6248 6770 6999 1888 4419 3628 9731 5952 2919 
7503 4013 3294 4006 4643 575 2109 5850 5586 851 447 4532 2967 9190 3324 
9640 880 1173 7500 2547 3937 3247 8795 7059 6598 7036 1478 226 3119 3783 
9498 6975 7796 2792 7333 2439 3368 9443 4642 5306 294 1441 6190 3261 632 
5866 9254 1512 7040 6754 412 977 6353 5559 4389 2952 8947 5867 9530 2067 
6002 9028 5394 3798 1821 2727 2590 1541 2170 3584 3199 8817 5025 9389 8430 
2009 5256 7684 9874 2296 791 286 9625 7144 2197 4014 6448 1145 6234 5979 
9564 2236 1359 1310 2387 3180 4037 4977 1073 2560 8561 4272 7729 9938 14 
6159 1948 5270 196 1822 3918 987 8460 9895 4483 657 262 932 8154 2848 
6911 7718 5084 8270 9028 3823 7803 9418 8800 5228 1978 3713 5853 6059 3652 
5867 2218 5600 7489 2414 3774 1407 9753 2234 7654 4237 2891 7916 5169 1046 
764 8432 5116 2201 6702 497 6024 857 9915 1177 6086 8245 1242 1939 656 
4894 7806 2874 6846 1647 1641 620 9406 7746 9206 7060 1983 2098 1329 7152 
9496 8445 1936 964 646 8639 7813 3023 5848 7728 552 1934 2325 1794 225 
2981 3041 4383 2208 6239 6030 201 3212 5436 7947 2418 2497 9931 868 178 
3435 364 8623 5372 7681 9270 363 5494 8645 6211 9575 9197 4498 8252 991 
4723 1234 384 9107 9794 6624 1489 9995 9836 6926 4294 2254 5775 577 3123 
5953 4013 9839 4576 5737 3872 198 2452 9367 8843 5015 5294 4392 9513 3546 
1736 589 1132 2120 6048 926 5096 7537 7273 4932 815 1568 3539 6590 2145 
6662 8895 2510 2853 3472 4599 6726 3670 7051 2445 8866 2067 7739 3258 7932 
1285 1346 4873 2418 3467 921 9696 8563 4811 6970 9848 5626 4890 3387 8569 
3387 6401 7464 2250 9254 936 6849 2332 959 253 4777 6177 8672 8868 5787 
6604 154 7134 1478 8924 6953 8751 8620 1868 3562 1942 1716 5541 3184 5103 
4110 2924 1504 1574 5174 7111 8863 2023 9443 6174 8628 573 8703 7300 9441 
4490 257 5947 7976 8087 4871 1281 3190 9844 3150 6753 8138 1218 8646 7675 
2674 2756 599 530 682 5773 7641 5897 4148 3437 8423 2777 4010 7126 6429 
9803 7969 6686 5751 2297 1125 6974 3579 4316 3170 3081 7421 1309 4299 6067 
8984 6973 8823 9583 7504 5857 1708 1497 1755 5856 1286 178 4985 5296 3657 
1415 1452 7978 4453 7203 275 5579 529 206 6247 3700 3287 3668 1361 3939 
9735 345 912 4910 6280 4768 7119 4340 2618 8874 196 3904 5405 1534 5553 
5414 2949 7005 3392 7402 560 3667 9333 7441 3874 5580 1141 3513 9248 2502 
7452 5335 9199 4717 245 1831 5837 7365 2523 8455 2591 2720 8712 4348 4254 
617 9762 3555 3974 3154 957 4534 3174 6643 8327 3400 2223 9469 6913 7824 
8323 4366 3159 3875 9083 9757 2058 1272 3474 4582 9728 2417 3654 4792 6766 
4260 5409 2880 7815 9383 2387 5124 269 5561 1767 8596 5313 3991 4417 2226 
8167 9093 2944 1326 2968 8379 1083 1378 9652 909 5960 5732 3327 9614 524 
93 226 5933 9325 8041 5316 1712 9518 1937 3625 1285 533 8938 1628 4951 
7517 9795 4044 461 7474 3364 8841 4909 4742 4845 5819 7055 577 9146 3021 
1101 5591 3248 3386 4916 7641 5054 6629 7159 6991 6606 4797 7524 5545 2777 
8827 3062 8925 9223 9875 6399 2587 5068 7660 3682 9913 3479 737 6842 8977 
3758 7943 920 3358 7681 5837 1000 2735 8818 4511 9726 1776 9308 7251 7321 
8438 2430 6735 7363 1654 6611 114 4241 8031 4126 4275 7945 7606 5012 4787 
2935 5123 9083 3856 8481 6764 6045 5833 9500 1215 345 9226 2991 6005 2829 
6665 4443 5260 3400 8158 6914 6363 4624 7507 4395 8751 8135 2340 2709 3147 
3479 5644 4622 8914 5852 9456 5679 1897 1641 1531 9464 1986 7109 8808 4344 
9939 5473 5139 1551 8873 3298 8465 5237 4274 2324 5984 3025 459 4676 5734 
9959 8155 7731 933 7070 3583 389 9101 1833 8383 632 7649 369 4093 6457 
1065 4032 1930 6205 5583 804 5855 400 2393 129 9077 8377 3155 9536 3053 
5241 9495 7560 2972 6781 982 2908 7170 83 4741 5553 7067 8742 2275 1161 
5200 9692 1545 7130 5897 3481 4286 1752 233 3031 8234 9310 7760 7741 8847 
7165 2982 4694 4726 2307 1475 2060 5215 4998 8496 6308 6903 5563 5050 5530 
3076 250 5223 974 3733 7472 4455 8019 5577 1040 1051 3811 351 8811 1552 
9198 2329 886 244 7055 3193 8072 9115 4760 9422 7611 1068 6325 9527 2471 
8208 8955 2721 9783 6281 2806 7255 7088 826 2832 8129 8229 6643 8480 3392 
4547 4030 5721 5434 4274 9128 4979 8698 8244 9740 8120 2207 808 798 8086 
9631 9006 3394 8705 8789 9675 1511 6044 6764 8689 5229 4893 6918 8224 3373 
311 2772 7403 2384 4558 8029 1513 9537 6728 6109 9277 1200 4668 6438 1998 
2755 6069 7356 2501 4774 6145 2176 2638 8542 5292 1327 123 185 8246 8347 
9910 4909 7471 7313 7293 2029 1695 5158 1567 4775 1267 7196 5975 5936 3634 
4326 5043 6056 1682 3896 830 4180 6072 9820 9074 1365 1148 9197 7902 9394 
3896 7813 655 1368 1478 4300 3397 3173 9459 1316 4300 7078 8513 6628 9366 
2147 954 4409 4555 8988 4657 5386 3168 730 1558 8594 8447 2706 7791 6349 
8452 8040 514 9107 9408 1993 3408 9157 1518 9219 474 2171 6297 8987 8799 
5664 7486 9753 6425 2042 8741 1083 3780 8262 8165 5338 6856 6612 4397 1000 
9313 2849 9040 6180 1957 8448 8173 1717 7605 6043 936 4431 8214 3585 9770 
7013 9249 7257 3118 2027 5651 8212 3110 5783 6474 7627 7473 3330 591 1870 
4330 6256 4720 9722 2436 3029 8170 609 4746 2128 3005 2034 2911 7571 1971 
2682 4585 7573 6291 4055 9600 1942 2267 9062 4077 5093 6689 1550 4776 7280 
3421 5458 3536 4493 5181 5973 7522 9703 2934 8620 1831 2291 7006 1095 9863 
