Quick_sort :
0 3 4 6 7 8 9 9 9 11 12 12 12 12 13 
14 14 19 11 19 21 22 24 24 24 23 24 31 31 32 
36 32 37 38 38 39 40 15 40 40 42 42 43 44 13 
46 46 47 52 53 53 54 55 55 57 57 58 60 60 61 
67 68 68 74 76 77 78 79 80 80 80 80 81 66 81 
83 83 83 87 87 88 93 93 96 96 97 97 57 97 98 
98 103 105 105 105 107 108 109 109 110 111 111 109 111 112 
113 49 113 113 114 114 119 122 123 123 124 127 127 128 123 
129 129 129 131 131 132 131 132 139 140 140 139 142 142 142 
143 145 145 150 151 151 151 152 154 154 149 154 154 156 156 
159 160 162 163 164 165 143 166 167 167 168 152 168 169 171 
171 172 172 114 174 175 176 176 177 178 178 179 179 180 183 
184 185 189 189 189 191 193 194 195 196 196 196 197 197 197 
197 198 198 199 202 203 206 207 209 209 207 212 214 215 215 
216 216 212 218 220 220 220 223 221 225 226 226 226 227 227 
227 227 228 228 230 230 230 230 231 232 233 233 235 238 239 
240 224 240 241 243 243 243 243 245 244 245 248 250 251 253 
253 253 253 257 258 258 201 260 260 262 266 267 268 269 269 
265 269 271 273 275 275 275 275 276 278 281 282 282 282 282 
283 283 286 276 286 287 290 292 292 292 293 294 294 295 295 
296 297 298 308 309 309 310 311 312 312 279 314 318 319 319 
323 323 322 325 325 326 327 329 327 329 331 332 333 334 334 
337 332 338 343 343 343 345 345 346 346 348 348 345 348 349 
351 352 354 355 355 356 356 357 358 359 359 360 363 364 364 
363 367 369 369 369 370 370 370 371 375 376 376 377 377 378 
380 381 381 381 382 383 383 384 384 384 384 384 384 385 385 
386 333 386 387 387 388 388 388 389 389 388 390 392 392 397 
400 404 405 407 407 408 394 409 410 411 412 412 413 391 413 
413 413 414 414 415 415 416 418 418 420 420 426 428 427 431 
431 431 433 433 434 434 436 436 436 439 440 440 446 446 446 
446 447 447 447 449 445 450 450 453 455 459 462 461 462 465 
465 468 469 471 472 472 472 474 474 474 476 480 481 484 426 
484 489 493 493 494 494 496 497 501 501 505 500 508 512 484 
513 513 513 514 517 524 525 526 527 528 528 529 530 531 531 
517 532 532 533 534 534 535 536 538 537 538 539 539 539 540 
540 541 541 544 545 545 548 549 550 550 552 553 554 555 557 
557 557 558 559 560 561 562 564 568 572 573 574 575 573 576 
577 578 578 579 580 584 584 586 588 589 591 594 595 596 597 
598 599 599 600 600 601 602 604 605 605 607 577 607 609 610 
610 611 613 613 613 614 617 618 619 620 621 622 622 622 623 
625 628 629 630 630 632 633 632 634 637 626 637 638 638 638 
639 640 641 642 643 638 644 649 646 649 650 655 655 656 660 
660 661 663 666 657 666 667 668 670 528 670 670 671 672 673 
673 674 677 678 678 680 682 684 684 685 685 685 687 687 687 
688 688 691 692 692 693 694 697 698 699 699 699 702 700 702 
704 707 707 708 711 711 711 712 715 715 716 718 720 721 720 
721 722 724 726 730 730 720 731 731 732 734 737 736 737 737 
738 738 740 741 744 745 747 747 746 751 752 752 754 754 744 
756 756 757 757 757 758 759 759 759 759 759 762 738 762 762 
762 762 764 766 769 771 773 774 774 770 774 774 776 776 779 
780 784 785 785 785 785 786 787 787 790 789 791 791 792 792 
793 794 794 797 682 798 798 800 801 801 802 803 804 805 806 
808 808 810 811 813 814 809 815 816 817 817 819 822 825 823 
826 827 828 828 828 667 829 829 830 830 830 830 831 831 831 
831 832 834 836 838 839 839 839 839 842 842 844 844 845 845 
847 845 847 848 850 851 852 853 856 857 859 861 863 863 867 
868 855 869 870 876 877 878 880 882 883 884 886 886 887 887 
874 888 893 895 897 898 900 901 902 902 898 902 905 907 909 
909 912 912 916 916 917 919 920 920 920 921 921 924 924 926 
926 927 929 928 929 930 930 930 932 933 933 934 935 936 936 
937 938 940 942 943 945 945 947 948 949 952 954 954 955 955 
957 864 958 959 959 959 959 961 964 964 964 964 966 967 968 
969 969 969 970 972 973 973 974 974 975 975 976 976 977 980 
980 980 982 982 982 983 985 987 987 989 990 990 991 992 995 
997 998 998 999 999 1000 1000 1000 1001 1002 1004 1005 1005 1006 1007 
1007 1008 1009 1010 1008 1011 1011 1013 1014 1015 1017 1017 1018 1018 1001 
1019 1019 1020 1020 1020 1021 1021 1022 1022 1023 1023 1025 1025 1025 1027 
1028 1029 1029 1029 1030 1029 1032 1034 1036 1036 1036 1036 1037 1039 1039 
1039 1039 1040 1040 1032 1040 1041 1042 1043 1043 1045 1046 1046 1049 1049 
1050 1051 1051 1052 1052 1037 1053 1053 1055 1057 1057 1061 1062 1059 1065 
1065 1064 1067 1067 1067 1068 1068 1069 1069 1071 1072 1072 1073 1073 1075 
1075 1070 1076 1076 1078 1080 1081 1083 1083 1083 1083 1084 1084 1064 1085 
1086 1086 1089 1091 1093 1095 1098 1100 1101 1088 1102 1103 1104 1106 1107 
1110 1110 1112 1113 1115 1091 1115 1117 1119 1120 1121 1122 1123 1124 1120 
1124 1125 1125 1125 1126 1130 1130 1130 1131 1131 1132 1133 1135 1136 1137 
1132 1137 1138 1080 1138 1138 1139 1139 1141 1141 1143 1145 1143 1145 1148 
1150 1069 1150 1151 1152 1152 1152 1154 1158 1159 1159 1161 1169 1163 1169 
1170 1170 1172 1173 1174 1176 1177 1177 1180 1180 1158 1180 1182 1183 1183 
1184 1184 1185 1185 1185 1186 1187 1188 1188 1191 1191 1192 1195 1195 1198 
1199 1200 1201 1201 1193 1201 1202 1203 1203 1203 1207 1203 1209 1212 1214 
1215 1176 1215 1216 1218 1218 1218 1219 1220 1220 1221 1221 1222 1222 1222 
1230 1225 1231 1232 1222 1233 1234 1234 1234 1237 1239 1240 1241 1226 1242 
1242 1244 1245 1245 1245 1247 1247 1249 1252 1253 1257 1258 1260 1260 1266 
1267 1267 1267 1267 1269 1272 1261 1273 1273 1275 1276 1266 1279 1280 1281 
1281 1281 1282 1285 1285 1286 1291 1293 1293 1294 1294 1294 1295 1290 1295 
1296 1300 1301 1304 1304 1305 1305 1306 1306 1307 1309 1309 1310 1307 1310 
1310 1312 1313 1315 1316 1317 1318 1319 1319 1320 1321 1322 1324 1325 1326 
1326 1327 1313 1328 1329 1329 1330 1331 1127 1332 1334 1335 1335 1335 1335 
1335 1337 1336 1338 1339 1341 1341 1341 1341 1342 1345 1351 1351 1355 1357 
1357 1346 1357 1359 1360 1360 1360 1361 1361 1361 1361 1362 1362 1363 1363 
1364 1364 1364 1365 1365 1141 1366 1367 1367 1368 1368 1368 1370 1370 1367 
1370 1370 1374 1374 1376 1378 1378 1375 1379 1379 1380 1380 1381 1382 1386 
1372 1387 1388 1389 1389 1391 1393 1393 1397 1398 1398 1398 1404 1405 1405 
1406 1407 1407 1408 1409 1411 1412 1373 1414 1414 1415 1415 1415 1418 1415 
1420 1421 1421 1427 1427 1411 1430 1431 1435 1436 1438 1441 1443 1444 1447 
1449 1452 1449 1452 1453 1453 1453 1454 1454 1436 1454 1455 1457 1458 1458 
1459 1460 1461 1461 1467 1467 1468 1460 1469 1469 1469 1470 1471 1473 1473 
1475 1475 1475 1476 1476 1478 1478 1478 1478 1478 1480 1482 602 1484 1484 
1486 1487 1487 1487 1488 1489 1489 1488 1490 1490 1490 1491 1492 1492 1493 
1494 1497 1499 1500 1500 1501 1504 1504 1504 1505 1506 1506 1507 1507 1508 
1508 1510 1511 1512 1513 1517 1517 1518 1519 1497 1519 1520 1520 1520 1521 
1523 1524 1529 1498 1530 1531 1531 1534 1534 1534 1537 1537 1537 1538 1539 
1541 1542 1544 1543 1545 1547 1544 1547 1547 1548 1549 1550 1550 1551 1551 
1551 1552 1553 1553 1554 1554 1551 1554 1555 1555 1556 1558 1558 1561 1562 
1562 1563 1563 1563 1563 1567 1567 1568 1574 1575 1568 1576 1580 1583 1583 
1584 1586 1587 1588 1589 1589 1590 1590 1590 1592 1593 1591 1595 1596 1600 
1602 1603 1606 1607 1562 1608 1609 1609 1611 1612 1611 1618 1619 1620 1623 
1624 1625 1626 1628 1628 1628 1630 1632 1633 1635 1636 1636 1638 1639 1641 
1641 1641 1643 1644 1645 1645 1646 1647 1648 1650 1651 1652 1653 1653 1654 
1655 1654 1657 1658 1660 1662 1663 1655 1665 1667 1619 1667 1669 1671 1672 
1672 1677 1679 1680 1680 1675 1680 1681 1633 1682 1683 1683 1684 1687 1688 
1688 1688 1688 1689 1693 1694 1694 1684 1695 1696 1697 1697 1700 1700 1699 
1702 1702 1703 1704 1704 1705 1705 1685 1706 1707 1708 1708 1710 1712 1713 
1714 1716 1715 1717 1718 1718 1719 1720 1720 1721 1719 1721 1722 1722 1727 
1728 1729 1729 1731 1731 1716 1732 1733 1734 1735 1735 1736 1745 1747 1748 
1749 1751 1752 1753 1755 1756 1756 1748 1758 1760 1761 1762 1762 1762 1763 
1764 1765 1766 1755 1766 1767 1769 1769 1772 1772 1771 1776 1779 1781 1783 
1784 1786 1781 1789 1790 1790 1794 1797 1692 1798 1798 1799 1800 1801 1802 
1802 1804 1799 1804 1806 1806 1249 1809 1810 1811 1813 1815 1816 1820 1820 
1821 1822 1822 1823 1823 1824 1827 1831 1824 1831 1833 1833 1830 1835 1835 
1836 1837 1839 1840 1840 1843 1843 1841 1843 1844 1844 1846 1846 1843 1846 
1847 1847 1849 1849 1849 1849 1850 1850 1850 1852 1852 1853 1854 1861 1865 
1866 1844 1867 1868 1868 1869 1869 1870 1870 1870 1871 1872 1871 1873 1874 
1874 1874 1875 1875 1876 1877 1877 1877 1879 1880 1881 1885 1888 1881 1888 
1889 1874 1889 1891 1892 1892 1893 1894 1894 1897 1899 1899 1900 1900 1897 
1901 1905 1906 1906 1907 1907 1909 1911 1912 1912 1912 1909 1912 1913 1914 
1915 1919 1920 1922 1923 1925 1925 1923 1926 1926 1927 1930 1932 1934 1929 
1934 1936 1891 1936 1937 1939 1940 1940 1941 1942 1942 1938 1944 1945 1946 
1947 1948 1948 1949 1949 1949 1949 1952 1952 1953 1955 1955 1955 1957 1957 
1958 1958 1961 1959 1963 1964 1967 1968 1969 1971 1972 1973 1974 1978 1978 
1981 1982 1983 1980 1985 1985 1986 1986 1987 1987 1987 1988 1984 1989 1991 
1992 1993 1993 1994 1996 1996 1997 1998 1999 1970 2001 2002 2005 2005 2006 
2007 2007 2008 2009 2009 2011 2014 2014 2016 2017 2018 2017 2019 2019 2021 
2022 2023 2023 2027 2022 2029 2031 2032 2034 2036 2040 2040 2035 2041 2042 
2043 2042 2043 2043 2047 2050 2050 2050 2051 2052 2047 2052 2055 2055 2055 
2056 2056 2056 2057 2058 2058 2057 2059 2059 2060 2060 2062 2063 2065 2063 
2067 2067 2067 2068 2072 2073 2079 1983 2080 2080 2080 2082 2082 2083 2084 
2086 2087 2080 2088 2088 2089 2085 2090 2096 2096 2098 2099 2099 2102 2104 
2105 2107 2108 2107 2109 2109 2113 2119 2119 2120 2113 2121 2122 2108 2123 
2123 2124 2125 2125 2127 2127 2128 2128 2132 2132 2132 2128 2132 2133 2133 
2134 2138 2139 2139 2126 2139 2141 2142 2145 2146 2147 2149 2149 2150 2153 
2154 2154 2150 2154 2155 2157 2158 2161 2161 2156 2161 2163 2165 2166 2166 
2167 2168 2112 2169 2170 2170 2171 2171 2172 2175 2176 2176 2177 2177 2178 
2178 2179 2181 2181 2181 1978 2184 2185 2185 2187 2189 2189 2188 2190 2191 
2191 2191 2191 2189 2192 2194 2194 2195 2197 2200 2201 2197 2201 2202 2197 
2202 2203 2204 2206 2207 2211 2208 2213 2213 2208 2215 2216 2216 2216 2217 
2218 2221 2221 2213 2223 2223 2224 2225 2228 2231 2233 2233 2234 2234 2236 
2237 2226 2238 2238 2239 2239 2241 2241 2203 2242 2242 2242 2243 2244 2244 
2245 2245 2245 2245 2246 2247 2247 2249 2250 2251 2253 2254 2254 2255 2257 
2259 2262 2262 2263 2264 2266 2267 2267 2268 2268 2249 2269 2269 2271 2272 
2273 2275 2269 2275 2275 2275 2279 2271 2280 2281 2282 2282 2285 2286 2286 
2286 2287 2291 2291 2291 2293 2294 2295 2297 2296 2297 2297 2298 2298 2298 
2299 2300 2300 2302 2305 2305 2305 2307 2311 2314 2315 2316 2316 2316 2317 
2318 2319 2319 2321 2316 2321 2323 2323 2323 2289 2324 2324 2325 2325 2326 
2328 2329 2332 2335 2336 2336 2337 2338 2338 2339 2339 2329 2339 2340 2342 
2343 2343 1993 2343 2347 2351 2352 2355 2355 2357 2357 2358 2358 2358 2358 
2360 2363 2363 2364 2361 2367 2368 2369 2371 2372 2355 2373 2373 2374 2355 
2375 2378 2379 2379 2380 2381 2381 2382 2382 2383 2384 2387 2387 2387 2389 
2390 2390 2391 2392 2394 2395 2395 2397 2398 2400 2402 2404 2405 2406 2407 
2403 2408 2408 2393 2412 2414 2414 2416 2417 2417 2418 2418 2418 2417 2418 
2418 2421 2421 2422 2424 2422 2424 2427 2427 2420 2427 2428 2428 2429 2429 
2429 2430 2430 2430 2432 2436 2437 2438 2438 2403 2439 2439 2439 2440 2440 
2441 2443 2446 2446 2449 2445 2450 2451 2451 2451 2452 2452 2452 2453 2456 
2457 2457 2458 2458 2458 2460 2462 2462 2463 2463 2464 2464 2464 2458 2465 
2470 2471 2473 2478 2473 2482 2482 2482 2485 2485 2486 2488 2487 2489 2489 
2489 2492 2451 2496 2497 2498 2500 2501 2502 2503 2504 2508 2508 2510 2511 
2512 2512 2512 2515 2516 2519 2511 2519 2521 2522 2523 2525 2525 2526 2527 
2528 2528 2531 2466 2531 2532 2533 2533 2538 2539 2540 2539 2543 2544 2546 
2546 2547 2548 2549 2505 2549 2550 2551 2555 2555 2556 2556 2558 2560 2564 
2564 2565 2565 2566 2566 2562 2568 2569 2571 2572 2573 2573 2574 2575 2575 
2577 2578 2579 2581 2583 2584 2577 2585 2587 2588 2590 2591 2591 2592 2594 
2594 2592 2597 2599 2601 2602 2604 2608 2609 2609 2610 2611 2612 2614 2614 
2614 2615 2616 2615 2617 2617 2618 2618 2619 2621 2623 2624 2625 2630 2633 
2623 2633 2634 2635 2636 2636 2637 2637 2637 2638 2640 2641 2641 2642 2644 
2645 2638 2646 2651 2654 2654 2657 2645 2658 2659 2660 2665 2665 2667 2663 
2667 2667 2471 2669 2670 2670 2672 2674 2674 2675 2676 2677 2678 2679 2681 
2682 2682 2682 2683 2684 2684 2684 2685 2688 2688 2689 2689 2691 2691 2692 
2677 2693 2694 2694 2694 2696 2696 2697 2513 2698 2698 2699 2701 2701 2706 
2706 2707 2707 2706 2707 2709 2711 2711 2701 2711 2712 2712 2715 2716 2717 
2718 2720 2721 2721 2722 2726 2727 2727 2729 2730 2731 2732 2733 2733 2733 
2735 2737 2714 2737 2738 2739 2744 2746 2746 2747 2747 2750 2750 2750 2754 
2755 2755 2756 2752 2756 2760 2761 2764 2764 2764 2764 2767 2754 2768 2770 
2771 2772 2775 2776 2777 2777 2777 2780 2784 2786 2758 2786 2787 2787 2789 
2790 2790 2792 2791 2793 2794 2797 2798 2798 2800 2800 2800 2801 2800 2803 
2803 2803 2804 2805 2805 2806 2807 2808 2809 2811 2811 2812 2813 2813 2813 
2814 2815 2815 2816 2817 2817 2818 2819 2821 2822 2822 2824 2826 2828 2828 
2829 2831 2832 2834 2829 2835 2838 2838 2838 2840 2842 2847 2847 2848 2849 
2852 2852 2853 2854 2855 2843 2856 2857 2857 2858 2859 2055 2861 2861 2862 
2863 2865 2865 2865 2866 2867 2867 2869 2869 2872 2866 2874 2874 2876 2876 
2877 2878 2880 2880 2881 2883 2883 2883 2885 2885 2886 2887 2887 2889 2872 
2889 2889 2890 2891 2891 2891 2894 2896 2896 2896 2897 2897 2894 2898 2899 
2900 2901 2902 2902 2903 2903 2904 2905 2906 2907 2908 2907 2908 2908 2910 
2911 2913 2914 2914 2916 2919 2920 2920 2920 2922 2924 2926 2927 2927 2926 
2927 2930 2931 2932 2925 2932 2934 2935 2935 2937 2939 2939 2911 2940 2940 
2941 2941 2945 2948 2948 2949 2947 2949 2950 2951 2952 2945 2955 2960 2961 
2963 2963 2964 2944 2964 2965 2966 2967 2967 2968 2965 2968 2970 2971 2971 
2972 2973 2974 2974 2977 2978 2979 2981 2982 2986 2933 2987 2987 2988 2988 
2990 2990 2991 2994 2994 2994 2998 3001 3002 3003 3003 3004 3007 3007 3007 
3010 3011 3011 3005 3011 3013 3015 3015 3017 3018 3019 3019 3019 3021 3006 
3021 3023 3025 3025 3025 3025 3025 3026 3026 3026 3027 3028 3028 3029 3029 
3031 3034 3036 3036 3037 3037 3037 3038 3038 3040 3025 3041 3041 3043 3044 
3046 3046 3048 3049 3051 3051 3051 3053 3053 3053 3053 3056 3056 3056 3056 
3058 3060 3061 3061 3013 3062 3066 3068 3068 3069 3069 3069 3071 3073 3075 
3075 2998 3075 3076 3076 3076 3078 3081 3078 3081 3082 3083 3084 3079 3085 
3086 3087 3088 3090 3092 3092 3093 3093 3077 3097 3098 3098 3087 3100 3101 
3101 3104 3104 3105 3108 3109 3111 3109 3113 3113 3113 3113 3115 3115 3116 
3117 3118 3118 3113 3119 3119 3119 3121 3123 3123 3124 3124 3124 3124 3125 
3125 3126 3128 3129 3130 3131 3131 3132 3133 3127 3135 3135 3139 3140 3143 
3144 3144 3110 3144 3145 3145 3147 3149 3150 3150 3152 3152 3152 3153 3153 
3154 3134 3154 3155 3158 3158 3159 3159 3160 3160 3165 3165 3167 3168 3170 
3171 3171 3172 3173 3173 3173 3174 3175 3176 3177 3177 3180 3180 3184 3186 
3186 3189 3178 3190 3190 3190 3190 3190 3192 3193 3195 3195 3196 3197 3199 
3199 3199 3199 3200 3200 3201 3202 3202 3204 3207 3207 3209 3212 3213 3214 
3215 3216 3216 3217 3221 3221 3223 3224 3225 3225 3225 3195 3226 3229 3229 
3230 3231 3233 3234 3234 3236 3238 3240 3241 3242 3244 3241 3244 3246 3247 
3247 3248 3250 3251 3252 3252 3255 3231 3256 3257 3258 3260 3260 3260 3261 
3261 3262 3237 3267 3269 3273 3273 3274 3275 3277 3278 3279 3281 3281 3282 
3282 3284 3286 3287 3287 3287 3289 3292 3287 3293 3293 3293 3294 3294 3295 
3287 3296 3297 3298 3298 3298 3299 3300 3293 3301 3301 3304 3306 3310 3312 
3315 3319 3319 3320 3321 3321 3322 3323 3324 3324 3325 3320 3325 3325 3326 
3322 3327 3327 3328 3328 3330 3331 3332 3332 3334 3334 3334 3336 3339 3341 
3341 3324 3341 3348 3349 3351 3352 3356 3352 3357 3358 3361 3362 3352 3363 
3365 3366 3367 3367 3364 3368 3368 3373 3373 3373 3373 3374 3375 3376 3377 
3378 3378 3379 3379 3379 3380 3380 3381 3382 3382 3382 3385 3385 3385 3386 
3386 3387 3266 3387 3389 3389 3389 3391 3391 3392 3392 3392 3394 3394 3395 
3397 3397 3399 3399 3400 3400 3401 3401 3399 3404 3404 3407 3408 3410 3410 
3411 3411 3416 3418 3420 3420 3421 3421 3422 3423 3423 3424 3426 3428 3428 
3430 3430 3431 3433 3433 3435 3435 3435 3437 3437 3428 3438 3438 3438 3439 
3440 3442 3443 3056 3444 3445 3446 3446 3447 3447 3448 3449 3449 3450 3451 
3452 3453 3453 3453 3454 3454 3458 3458 3461 3466 3467 3468 3469 3471 3472 
3472 3474 3474 3467 3477 3478 3479 3479 3480 3480 3479 3481 3484 3486 3486 
3487 3487 3463 3488 3491 3493 3493 3494 3497 3500 3500 3502 3502 3503 3503 
3504 3495 3504 3507 3472 3507 3509 3511 3511 3513 3514 3515 3515 3516 3517 
3518 3520 3520 3520 3520 3520 3522 3523 3526 3528 3529 3523 3531 3532 3530 
3532 3533 3533 3533 3533 3534 3535 3536 3539 3533 3539 3539 3539 3539 3542 
3534 3543 3544 3545 3546 3531 3547 3548 3549 3549 3552 3552 3555 3552 3557 
3558 3560 3560 3562 3562 3563 3563 3565 3565 3567 3564 3568 3568 3568 3569 
3511 3572 3572 3573 3573 3573 3574 3575 3575 3577 3578 3578 3579 3579 3579 
3582 3583 3584 3584 3581 3585 3585 3585 3586 3586 3589 3590 3591 3591 3591 
3591 3593 3595 3586 3598 3600 3601 3602 3602 3602 3603 3603 3603 3604 3604 
3604 3604 3606 3585 3606 3607 3607 3607 3610 3614 3615 3617 3604 3617 3618 
3619 3621 3623 3624 3625 3625 3627 3627 3628 3631 3632 3632 3633 3634 3634 
3635 3638 3639 3640 3636 3642 3643 3530 3644 3646 3648 3649 3652 3652 3654 
3654 3656 3656 3657 3657 3658 3658 3659 3659 3661 3661 3662 3665 3667 3670 
3674 3678 3678 3680 3682 3682 3682 3683 3683 3684 3684 3668 3684 3685 3688 
3688 3689 3689 3687 3690 3690 3692 3692 3693 3696 3697 3698 3697 3698 3700 
3706 3707 3707 3707 3708 3454 3708 3711 3712 3713 3713 3714 3714 3715 3718 
3720 3720 3721 3721 3721 3713 3723 3725 3726 3727 3727 3728 3730 3733 3734 
3734 3736 3739 3741 3744 3747 3747 3750 3728 3750 3751 3752 3752 3752 3752 
3752 3754 3755 3721 3757 3758 3761 3762 3762 3764 3764 3765 3768 3768 3772 
3774 3775 3776 3776 3777 3777 3779 3767 3779 3779 3779 3780 3781 3783 3783 
3770 3783 3784 3784 3786 3787 3788 3789 3790 3790 3791 3773 3791 3792 3792 
3797 3798 3798 3800 3802 3803 3805 3805 3808 3809 3810 3811 3806 3811 3811 
3811 3814 3813 3821 3822 3823 3825 3825 3797 3826 3826 3830 3830 3831 3832 
3832 3832 3835 3837 3837 3837 3842 3839 3845 3846 3846 3847 3838 3848 3848 
3849 3849 3851 3853 3854 3854 3856 3856 3856 3857 3857 3857 3858 3859 3859 
3860 3860 3766 3861 3861 3862 3863 3864 3866 3866 3867 3869 3871 3872 3873 
3874 3874 3875 3876 3877 3877 3878 3880 3877 3880 3881 3883 3884 3883 3884 
3885 3886 3887 3887 3888 3890 3890 3891 3891 3892 3893 3894 3895 3896 3896 
3896 3897 3898 3884 3900 3900 3900 3902 3903 3903 3904 3905 3904 3905 3906 
3907 3907 3908 3908 3909 3909 3912 3913 3916 3917 3917 3918 3901 3919 3919 
3920 3921 3921 3924 3924 3924 3925 3927 3928 3928 3866 3931 3931 3932 3933 
3933 3935 3937 3937 3938 3938 3939 3939 3939 3943 3943 3945 3949 3951 3952 
3952 3952 3953 3955 3955 3955 3956 3955 3958 3962 3962 3962 3963 3964 3965 
3967 3967 3970 3971 3972 3972 3974 3961 3975 3975 3976 3976 3976 3977 3977 
3978 3387 3980 3983 3985 3985 3985 3987 3988 3989 3991 3991 3992 3992 3992 
3996 3996 3999 4000 4001 4002 4001 4003 4006 4006 4007 4010 3995 4010 4011 
4012 4012 4012 4013 4013 4013 4013 4014 4014 4015 4015 4015 4018 4019 4002 
4019 4020 4022 4023 4023 4026 4026 4023 4026 4026 4027 4028 4030 4030 4031 
4032 4029 4032 4034 4025 4034 4034 4037 4037 4037 4039 4040 4040 4040 4040 
4042 4044 4044 4045 4046 4047 4048 4049 4051 4052 4054 4055 4057 4058 4059 
4062 4062 4061 4064 4066 4067 4068 4069 4070 4071 4069 4071 4071 4071 4071 
4074 4076 4077 4077 4076 4077 4078 4078 4079 4081 4082 4083 4048 4084 4086 
4086 4088 4091 4093 4094 4095 4098 4090 4099 4100 4101 4101 4102 4103 4110 
4110 4110 4111 4106 4111 4112 4112 4112 4118 4119 4121 4121 4121 4123 4124 
4124 4125 4126 4126 4113 4127 4128 4093 4129 4132 4132 4133 4133 4134 4136 
4140 4140 4141 4142 4144 4146 4113 4146 4146 4148 4149 4155 4156 4156 4157 
4159 4160 4161 4163 4086 4163 4164 4165 4171 4175 4176 4166 4176 4177 4180 
4183 4178 4185 4186 4191 4191 4193 4193 4189 4193 4194 4195 4196 4198 4198 
4173 4198 4200 4202 4202 4203 4204 4204 4205 4205 4207 4207 4207 4208 4209 
4210 4211 4212 4214 4218 4213 4219 4219 4183 4219 4221 4224 4224 4228 4228 
4230 4232 4232 4234 4235 4181 4236 4236 4237 4237 4238 4238 4237 4240 4240 
4241 4241 4248 4248 4246 4250 4250 4253 4253 4254 4254 4256 4256 4257 4257 
4258 4258 4260 4260 4258 4260 4261 4262 4264 4264 4264 4265 4267 4269 4266 
4270 4270 4271 4271 4272 4272 4272 4272 4274 4274 4275 4275 4239 4275 4276 
4276 4281 4282 4282 4283 4283 4284 4285 4286 4287 4289 4289 4292 4281 4294 
4294 4295 4296 4251 4297 4297 4298 4299 4299 4300 4300 4300 4301 4302 4300 
4307 4308 4310 4311 4311 4312 4312 4313 4314 4315 4316 4316 4316 4317 4317 
4318 4318 4323 4324 4325 4324 4326 4328 4328 4329 4311 4329 4330 4333 4333 
4335 4340 4337 4343 4344 4344 4344 4345 4346 4346 4348 4349 4351 4352 4352 
4353 4354 4250 4355 4355 4356 4356 4357 4358 4358 4358 4358 4361 4362 4364 
4366 4366 4368 4367 4368 4371 4371 4372 4362 4372 4372 4373 4373 4374 4375 
4378 4378 4379 4380 4383 4383 4383 4371 4384 4387 4388 4389 4389 4389 4392 
4388 4395 4397 4397 4402 4407 4408 4406 4409 4409 4409 4410 4415 4416 4417 
4417 4397 4417 4419 4424 4425 4427 4427 4428 4429 4430 4399 4430 4431 4431 
4438 4438 4440 4440 4442 4444 4446 4446 4448 4443 4448 4450 4452 4453 4453 
4454 4449 4455 4455 4455 4458 4458 4460 4459 4461 4462 4467 4467 4469 4469 
4472 4473 4473 4475 4474 4475 4478 4478 4480 4482 4483 4483 4483 4487 4488 
4489 4489 4490 4491 4492 4493 4485 4493 4493 4494 4494 4495 4495 4495 4495 
4497 4484 4497 4498 4499 4499 4503 4505 4505 4506 4509 4510 4511 4513 4513 
4514 4515 4517 4518 4519 4519 4520 4503 4520 4523 4524 4525 4528 4529 4443 
4529 4530 4532 4532 4532 4534 4535 4535 4535 4537 4537 4537 4539 4539 4542 
4545 4546 4547 4550 4550 4550 4549 4554 4555 4557 4557 4558 4558 4558 4559 
4540 4559 4565 4565 4565 4567 4567 4568 4569 4570 4570 4571 4571 4572 4572 
4571 4572 4573 4573 4573 4573 4574 4576 4577 4534 4577 4578 4579 4579 4580 
4580 4580 4582 4582 4582 4583 4585 4585 4586 4587 4418 4588 4589 4589 4590 
4591 4591 4593 4594 4593 4595 4595 4596 4597 4598 4599 4602 4604 4605 4606 
4600 4607 4608 4612 4605 4612 4613 4613 4614 4614 4615 4616 4617 4620 4621 
4621 4619 4622 4623 4624 4625 4625 4626 4626 4626 4626 4628 4628 4628 4628 
4629 4629 4629 4629 4631 4633 4634 4635 4635 4635 4636 4637 4638 4640 4641 
4642 4642 4643 4635 4643 4646 4646 4647 4649 4649 4649 4650 4651 4651 4651 
4652 4652 4653 4654 4654 4648 4654 4655 4657 4659 4660 4660 4661 4661 4664 
4664 4664 4666 4667 4668 4667 4668 4671 4673 4661 4673 4678 4679 4679 4680 
4682 4681 4684 4685 4686 4689 4689 4687 4692 4693 4694 4676 4694 4694 4695 
4697 4697 4701 4702 4703 4704 4708 4713 4713 4713 4714 4710 4714 4717 4717 
4720 4720 4721 4722 4722 4723 4723 4718 4726 4726 4726 4726 4729 4730 4731 
4734 4734 4738 4738 4713 4741 4741 4742 4744 4745 4745 4745 4745 4745 4745 
4746 4750 4750 4752 4754 4751 4755 4755 4758 4758 4759 4742 4760 4760 4761 
4765 4768 4770 4770 4770 4772 4748 4772 4773 4774 4775 4776 4776 4776 4776 
4777 4781 4781 4782 4784 4786 4786 4787 4787 4772 4787 4787 4789 4789 4789 
4791 4792 4794 4794 4793 4794 4795 4795 4796 4797 4798 4798 4799 4799 4802 
4777 4802 4805 4806 4806 4808 4809 4810 4807 4810 4811 4811 4811 4812 4812 
4816 4818 4809 4819 4819 4820 4821 4823 4825 4825 4826 4826 4828 4828 4829 
4834 4834 4836 4837 4838 4826 4840 4842 4843 4840 4844 4844 4845 4845 4847 
4848 4850 4851 4851 4849 4852 4854 4856 4856 4858 4858 4859 4855 4860 4861 
4864 4869 4871 4873 4880 4881 4881 4881 4881 4883 4887 4887 4877 4890 4892 
4892 4893 4894 4895 4895 4899 4909 4909 4909 4909 4910 4906 4911 4911 4913 
4913 4915 4917 4917 4918 4919 4919 4919 4916 4920 4920 4922 4923 4926 4927 
4927 4929 4929 4932 4926 4934 4936 4936 4937 4939 4941 4942 4935 4942 4945 
4946 4946 4947 4948 4948 4949 4950 4951 4951 4953 4954 4954 4954 4957 4958 
4960 4962 4703 4963 4964 4964 4965 4967 4968 4968 4970 4970 4971 4972 4973 
4974 4973 4975 4977 4978 4978 4981 4983 4985 4985 4979 4986 4988 4989 4990 
4990 4991 4994 4995 4995 4995 4996 4996 4997 4998 4998 4998 4999 5001 5001 
5002 5002 5002 5003 5003 5005 5006 5006 5007 5009 5009 5003 5009 5010 5010 
5011 5011 5011 5011 5012 5012 5013 5015 5015 5016 5019 5020 5017 5020 5021 
5022 5022 5025 5025 5024 5026 5027 5027 5029 5030 5031 5032 5033 5035 5036 
5036 5036 5036 5037 5038 5039 5039 5039 5039 5040 5032 5042 5043 5044 5045 
5046 5048 5048 5050 5050 5052 5053 5054 5054 5055 5056 5056 5058 5059 5062 
5064 5068 5068 5053 5068 5073 5074 5074 5075 5075 5076 5077 5077 5078 5078 
5078 5036 5078 5080 5080 5082 5083 5084 5084 5086 5086 5086 5087 5087 5088 
5089 5089 5090 5093 5096 5096 5098 5099 5100 5101 5102 5093 5102 5102 5103 
5104 5105 5107 5107 5109 5113 5115 5115 5116 5116 5117 5119 5123 5124 5125 
5126 5126 5122 5126 5127 5128 5129 5129 5130 5131 5132 5135 5135 5136 5139 
5140 5140 5141 5142 5143 5144 5146 5147 5147 5147 5149 5144 5150 5150 5152 
5154 5156 5156 5157 5158 5161 5164 5165 5160 5167 5168 5149 5169 5170 5170 
5171 5171 5172 5172 5170 5172 5173 5174 5178 5178 5178 5179 5180 5181 5181 
5180 5182 5182 5163 5184 5185 5186 5187 5188 5189 5191 5194 5194 5195 5197 
5197 5200 5201 5205 5205 5206 5209 5210 5210 5209 5212 5213 5214 5215 5215 
5216 5218 5209 5219 5219 5221 5196 5223 5224 5228 5228 5229 5230 5230 5231 
5232 5232 5234 5234 5234 5235 5235 5236 4987 5237 5237 5240 5240 5240 5241 
5241 5243 5242 5245 5245 5245 5246 5247 5248 5248 5248 5250 5255 5255 5256 
5257 5257 5247 5258 5258 5259 5259 5259 5260 5262 5267 5268 5270 5271 5275 
5277 5277 5277 5280 5282 5282 5285 5289 5290 5292 5293 5288 5293 5293 5294 
5294 5294 5295 5296 5296 5296 5298 5301 5302 5302 5303 5305 5306 5316 5316 
5316 5317 5313 5318 5318 5318 5319 5324 5324 5325 5327 5330 5330 5330 5331 
5332 5332 5333 5334 5334 5335 5336 5338 5338 5339 5340 5341 5341 5341 5342 
5343 5344 5344 5345 5346 5347 5330 5348 5349 5351 5351 5357 5359 5360 5367 
5369 5372 5354 5373 5374 5374 5375 5127 5375 5376 5377 5377 5382 5382 5385 
5385 5386 5388 5391 5392 5393 5394 5394 5396 5386 5396 5397 5398 5400 5401 
5402 5406 5406 5409 5409 5405 5409 5410 5411 5412 5379 5414 5414 5416 5416 
5417 5419 5420 5425 5426 5426 5428 5428 5430 5431 5431 5433 5434 5436 5437 
5438 5438 5436 5438 5438 5440 5441 5441 5441 5442 5445 5447 5449 5452 5455 
5451 5455 5457 5458 5444 5458 5459 5461 5462 5463 5464 5449 5468 5468 5471 
5471 5471 5472 5473 5474 5472 5475 5476 5433 5476 5476 5476 5481 5481 5481 
5482 5482 5483 5484 5485 5485 5487 5488 5491 5492 5493 5431 5494 5495 5495 
5496 5496 5496 5496 5497 5498 5500 5505 5499 5510 5512 5514 5501 5518 5518 
5519 5520 5521 5522 5527 5527 5498 5528 5528 5529 5529 5530 5530 5531 5532 
5533 5533 5535 5536 5536 5537 5539 5539 5541 5541 5540 5541 5541 5542 5543 
5544 5545 5541 5545 5546 5547 5548 5549 5550 5551 5551 5552 5553 5553 5552 
5553 5553 5554 5556 5556 5556 5444 5559 5560 5561 5561 5561 5561 5562 5563 
5566 5567 5570 5570 5572 5571 5572 5573 5573 5570 5575 5576 5577 5577 5578 
5573 5578 5579 5579 5580 5580 5582 5582 5583 5585 5586 5456 5586 5588 5590 
5590 5590 5591 5592 5594 5598 5599 5600 5601 5603 5605 5607 5608 5608 5592 
5608 5609 5613 5614 5615 5616 5616 5622 5623 5623 5624 5625 5625 5626 5624 
5630 5631 5634 5634 5634 5635 5635 5636 5637 5640 5641 5643 5644 5646 5636 
5646 5647 5647 5648 5648 5649 5649 5593 5649 5650 5650 5650 5651 5652 5654 
5655 5656 5662 5663 5664 5664 5665 5665 5667 5667 5671 5672 5673 5674 5674 
5674 5675 5677 5678 5679 5679 5596 5679 5680 5681 5683 5683 5684 5686 5689 
5690 5690 5694 5699 5699 5700 5702 5702 5689 5704 5705 5705 5708 5712 5712 
5712 5712 5715 5718 5707 5719 5721 5723 5724 5724 5725 5728 5732 5734 5734 
5736 5736 5736 5736 5737 5737 5737 5739 5740 5745 5746 5746 5748 5750 5751 
5751 5751 5753 5753 5754 5754 5606 5754 5757 5760 5760 5760 5762 5762 5763 
5765 5767 5769 5769 5771 5772 5772 5773 5774 5775 5775 5776 5777 5773 5778 
5778 5778 5780 5780 5781 5782 5783 5783 5786 5786 5777 5787 5787 5789 5790 
5792 5792 5795 5796 5797 5797 5798 5795 5798 5799 5799 5802 5802 5803 5804 
5804 5798 5806 5808 5808 5808 5811 5811 5812 5815 5818 5818 5812 5819 5819 
5813 5820 5820 5820 5822 5822 5823 5828 5830 5830 5832 5824 5833 5834 5835 
5804 5836 5836 5837 5837 5837 5838 5839 5842 5844 5846 5846 5847 5848 5847 
5848 5850 5850 5851 5852 5846 5852 5853 5853 5855 5855 5857 5859 5862 5863 
5863 5864 5865 5866 5867 5867 5867 5856 5869 5872 5872 5873 5874 5875 5875 
5878 5873 5878 5881 5884 5885 5886 5888 5888 5821 5888 5888 5890 5892 5892 
5894 5895 5897 5897 5898 5894 5900 5901 5901 5902 5905 5907 5908 5908 5909 
5909 5914 5916 5917 5917 5918 5920 5922 5922 5924 5926 5598 5926 5927 5929 
5930 5930 5931 5931 5931 5933 5933 5934 5935 5936 5936 5937 5932 5939 5941 
5941 5944 5947 5947 5947 5947 5948 5949 5950 5951 5951 5952 5952 5952 5953 
5953 5954 5956 5956 5953 5959 5960 5960 5962 5962 5963 5967 5967 5968 5967 
5969 5972 5936 5973 5973 5974 5975 5975 5976 5976 5978 5978 5975 5978 5978 
5978 5979 5980 5983 5984 5984 5985 5987 5984 5988 5989 5990 5991 5992 5992 
5993 5993 5995 5997 5997 5992 5997 6001 6002 6002 6005 6005 6004 6007 6007 
6009 6011 6011 6012 6014 6015 6016 6016 6016 6018 6018 6019 6020 6020 6020 
5979 6020 6023 6024 6025 6025 6025 6024 6029 6029 6029 6029 6030 6031 6033 
6003 6033 6034 6036 6037 6037 6043 6044 6044 6038 6045 6045 6046 6047 6047 
6047 6048 6048 6049 6049 6049 6043 6050 6050 6051 6051 6051 6053 6053 6054 
6055 6056 6056 6057 6036 6057 6059 6060 6061 6062 6063 6063 6067 6069 6070 
6072 6072 6047 6072 6073 6073 6074 6077 6078 6079 6080 6080 6081 6082 6084 
6084 6084 6085 6085 6086 6086 6087 6090 6093 6094 6094 6094 6096 6101 6101 
6101 6102 6103 6103 6104 6052 6104 6107 6108 6109 6109 6111 6118 6118 6119 
6119 6120 6122 6122 6122 6124 6124 6131 6134 6137 6124 6139 6139 6134 6140 
6142 6144 6145 6150 6151 6112 6152 6152 6153 6155 6156 6157 6159 6159 6159 
6162 6162 6162 6162 6164 6166 6167 6168 6169 6170 6174 6177 6177 6180 6184 
6185 6185 6165 6186 6190 6192 6193 6193 6194 6196 6199 6201 6202 6203 6205 
6201 6205 6206 6207 6207 6209 6210 6210 6211 6155 6211 6212 6212 6212 6212 
6215 6214 6219 6222 6222 6224 6229 6230 6231 6231 6231 6214 6231 6231 6233 
6233 6233 6234 6234 6234 6235 6235 6216 6235 6237 6237 6238 6239 6239 6239 
6239 6240 6243 6244 6244 6246 6246 6246 6247 6247 6247 6248 6249 6250 6252 
6252 6253 6253 6254 6255 6255 6256 6256 6258 6259 6260 6255 6261 6261 6261 
6262 6262 6263 6263 6263 6265 6217 6266 6266 6268 6269 6270 6271 6276 6277 
6280 6280 6280 6281 6281 6285 6285 6285 6286 6288 6289 6289 6289 6291 6291 
6282 6294 6295 6295 6297 6287 6297 6301 6302 6302 6303 6308 6308 6302 6308 
6309 6311 6314 6315 6316 6317 6319 6319 6321 6326 6327 6328 6319 6329 6329 
6329 6330 6330 6333 6325 6334 6334 6335 6336 6336 6336 6341 6343 6345 6346 
6346 6349 6350 6353 6353 6354 6354 6354 6356 6358 6358 6359 6347 6360 6360 
6363 6363 6364 6366 6352 6367 6367 6367 6369 6370 6375 6367 6378 6378 6379 
6380 6380 6381 6382 6367 6383 6387 6388 6388 6390 6391 6391 6391 6392 6392 
6397 6399 6401 6401 6401 6402 6403 6405 6407 6411 6412 6412 6414 6333 6414 
6415 6416 6416 6417 6419 6420 6423 6424 6425 6427 6428 6429 6429 6308 6434 
6434 6435 6437 6437 6438 6438 6444 6446 6448 6444 6452 6453 6453 6453 6456 
6456 6457 6455 6458 6459 6459 6463 6463 6465 6465 6454 6466 6468 6469 6472 
6474 6474 6474 6474 6475 6476 6477 6477 6477 6438 6479 6479 6480 6480 6485 
6489 6492 6481 6495 6496 6499 6501 6502 6493 6503 6503 6503 6504 6508 6509 
6510 6511 6512 6513 6514 6517 6513 6518 6518 6518 6522 6522 6523 6523 6512 
6524 6524 6524 6525 6526 6527 6527 6525 6529 6530 6532 6532 6532 6534 6535 
6538 6540 6541 6542 6537 6543 6544 6548 6549 6550 6553 6553 6554 6554 6556 
6557 6562 6562 6563 6535 6564 6564 6566 6567 6569 6569 6574 6574 6575 6570 
6576 6579 6579 6579 6582 6579 6589 6590 6478 6590 6593 6594 6595 6598 6599 
6600 6600 6600 6595 6600 6601 6602 6603 6603 6604 6605 6606 6610 6611 6611 
6612 6609 6612 6614 6617 6618 6619 6619 6618 6622 6622 6604 6624 6624 6628 
6629 6630 6630 6630 6632 6636 6637 6639 6639 6641 6642 6643 6639 6643 6643 
6644 6644 6645 6645 6647 6617 6647 6648 6648 6649 6649 6651 6651 6653 6654 
6655 6656 6657 6657 6658 6660 6660 6657 6660 6661 6662 6662 6665 6665 6666 
6666 6667 6667 6669 6674 6673 6676 6677 6678 6679 6680 6683 6677 6683 6683 
6685 6686 6686 6686 6687 6689 6693 6694 6696 6695 6696 6696 6698 6700 6700 
6700 6701 6678 6701 6702 6703 6704 6705 6683 6706 6706 6707 6710 6711 6711 
6712 6713 6713 6713 6714 6716 6717 6718 6719 6720 6720 6722 6722 6724 6692 
6725 6726 6726 6728 6730 6731 6734 6735 6728 6736 6737 6738 6738 6738 6739 
6739 6741 6742 6745 6747 6748 6748 6748 6750 6753 6748 6754 6756 6756 6757 
6759 6758 6760 6760 6763 6764 6764 6764 6765 6766 6766 6768 6768 6768 6768 
6770 6771 6612 6771 6774 6778 6779 6779 6779 6781 6781 6782 6782 6587 6783 
6783 6784 6785 6785 6785 6787 6785 6789 6789 6791 6791 6792 6792 6794 6796 
6796 6797 6798 6800 6802 6802 6799 6803 6803 6803 6804 6811 6811 6812 6813 
6815 6815 6815 6818 6819 6819 6821 6821 6824 6827 6827 6810 6829 6830 6830 
6830 6830 6832 6832 6832 6833 6835 6835 6837 6838 6838 6839 6839 6839 6841 
6842 6842 6843 6844 6845 6846 6848 6848 6848 6849 6850 6851 6851 6852 6837 
6855 6855 6855 6856 6860 6861 6863 6864 6872 6874 6875 6876 6876 6878 6879 
6879 6859 6880 6881 6883 6856 6884 6886 6888 6846 6888 6891 6892 6893 6896 
6897 6897 6898 6903 6906 6906 6894 6906 6909 6910 6911 6911 6912 6912 6913 
6913 6914 6914 6915 6915 6918 6919 6920 6922 6922 6923 6924 6926 6926 6928 
6929 6900 6930 6931 6931 6932 6932 6935 6933 6938 6938 6938 6939 6894 6940 
6941 6943 6944 6944 6944 6946 6946 6949 6953 6953 6948 6954 6954 6956 6956 
6957 6959 6940 6960 6961 6961 6964 6966 6966 6967 6968 6968 6968 6969 6965 
6969 6970 6970 6971 6972 6972 6973 6973 6973 6973 6803 6973 6974 6975 6975 
6975 6976 6978 6979 6981 6982 6982 6982 6983 6984 6975 6987 6987 6987 6989 
6990 6991 6992 6993 6993 6996 6999 6993 6999 6999 7000 7002 7000 7003 7004 
7004 7005 7005 7006 7007 7008 6541 7008 7010 7011 7011 7012 7013 7013 7016 
7016 7016 7017 7017 7017 7019 7019 7021 7023 7024 7025 7025 7025 7028 7030 
7030 7028 7030 7031 7031 7031 7032 7035 7037 7035 7038 7038 7038 7038 7036 
7039 7039 7040 7046 7047 7048 7051 7052 7050 7055 7055 7055 7055 7056 7056 
7045 7057 7057 7058 7059 7059 7059 7060 7060 7060 7038 7061 7062 7064 7065 
7065 7065 7066 7067 7070 7071 7072 7072 7070 7074 7074 7075 7075 7075 7077 
7078 7078 7067 7078 7079 7079 7080 7082 7082 7082 7083 7084 7086 7087 7087 
7085 7088 7088 7088 7090 7090 7090 7091 7091 7092 7092 7094 7094 7095 7074 
7095 7097 7099 7102 7103 7104 7106 7109 7110 7111 7112 7113 7114 7114 7115 
7115 7118 7119 7121 7124 7124 7124 7126 7127 7127 7129 7130 7076 7132 7134 
7134 7135 7135 7136 7137 7137 7138 7138 7138 7139 7138 7139 7139 7140 7140 
7143 7144 7144 7146 7146 7146 7147 7147 7149 7149 7150 7150 7136 7151 7152 
7152 7153 7154 7158 7158 7159 7159 7160 7160 7161 7165 7165 7165 7166 7166 
7162 7166 7168 7168 7170 7170 7172 7175 7175 7176 7177 7171 7179 7180 7180 
7181 7181 7184 7184 7187 7187 7188 7190 7191 7192 7195 7196 7196 7197 7199 
7200 7203 7203 7205 7206 7197 7207 7208 7209 7210 7211 7212 7200 7213 7214 
7214 7214 7214 7201 7217 7218 7221 7222 7222 7224 7230 7231 7234 7234 7234 
7236 7239 7235 7240 7241 7242 7242 7244 7245 7245 7248 7248 7250 7251 7252 
7254 7255 7255 7257 7257 7261 7259 7263 7266 7268 7268 7269 7270 7262 7270 
7270 7272 7273 7273 7274 7275 7275 7274 7276 7278 7279 7280 7280 7281 7281 
7282 7279 7284 7284 7285 7285 7287 7273 7288 7288 7289 7289 7292 7293 7294 
7295 7295 7296 7299 7300 7156 7300 7300 7303 7303 7304 7311 7311 7312 7313 
7315 7315 7317 7318 7318 7319 7321 7322 7322 7324 7326 7328 7325 7328 7328 
7331 7331 7332 7333 7321 7335 7336 7338 7338 7338 7339 7341 7343 7343 7347 
7348 7348 7348 7349 7351 7352 7353 7354 7354 7355 7356 7356 7356 7359 7361 
7359 7362 7363 7363 7363 7364 7365 7366 7369 7369 7376 7367 7380 7381 7381 
7382 7383 7385 7383 7386 7386 7387 7388 7389 7392 7394 7395 7396 7400 7397 
7400 7402 7402 7403 7407 7408 7409 7411 7414 7414 7413 7415 7418 7421 7421 
7422 7425 7426 7428 7429 7433 7403 7435 7437 7438 7438 7438 7439 7440 7439 
7440 7441 7438 7441 7441 7443 7443 7444 7398 7445 7446 7448 7448 7448 7450 
7450 7452 7453 7454 7455 7455 7457 7457 7458 7458 7460 7460 7460 7460 7461 
7463 7458 7464 7464 7466 7466 7467 7468 7469 7470 7472 7472 7471 7473 7474 
7474 7477 7477 7478 7479 7443 7479 7480 7482 7483 7486 7483 7487 7488 7489 
7485 7490 7490 7494 7495 7494 7495 7496 7498 7498 7499 7499 7500 7500 7500 
7503 7503 7502 7503 7504 7504 7505 7144 7505 7507 7508 7508 7514 7516 7514 
7517 7517 7517 7518 7519 7522 7524 7524 7526 7529 7530 7531 7532 7533 7534 
7534 7535 7535 7533 7535 7537 7537 7538 7539 7539 7516 7540 7540 7541 7541 
7542 7542 7542 7543 7547 7549 7551 7551 7554 7555 7555 7559 7560 7560 7560 
7562 7566 7569 7570 7571 7572 7572 7572 7573 7573 7543 7573 7574 7575 7530 
7576 7577 7578 7579 7580 7580 7581 7581 7582 7584 7584 7585 7585 7585 7586 
7589 7589 7594 7595 7595 7595 7599 7600 7601 7602 7605 7605 7592 7606 7606 
7607 7607 7608 7608 7611 7609 7612 7613 7614 7615 7619 7619 7621 7608 7621 
7622 7624 7624 7619 7626 7627 7631 7633 7634 7634 7636 7637 7638 7638 7639 
7640 7641 7641 7643 7646 7647 7648 7649 7649 7649 7650 7651 7652 7653 7654 
7654 7655 7656 7657 7657 7657 7660 7661 7550 7661 7662 7663 7666 7667 7668 
7668 7668 7671 7671 7672 7672 7672 7672 7673 7674 7674 7674 7675 7675 7678 
7678 7678 7679 7679 7679 7681 7681 7681 7671 7682 7682 7682 7683 7684 7689 
7689 7692 7692 7683 7692 7693 7694 7698 7698 7703 7704 7705 7706 7710 7696 
7710 7712 7714 7715 7716 7716 7717 7689 7718 7718 7719 7720 7720 7721 7722 
7722 7723 7724 7724 7725 7725 7725 7726 7726 7726 7726 7727 7727 7728 7729 
7730 7731 7731 7729 7732 7732 7734 7735 7736 7732 7737 7737 7739 7740 7741 
7742 7742 7743 7745 7746 7746 7747 7748 7750 7751 7755 7755 7755 7742 7757 
7757 7759 7759 7760 7761 7762 7765 7757 7765 7766 7767 7768 7771 7773 7772 
7773 7774 7775 7775 7776 5911 7778 7778 7780 7782 7784 7787 7787 7788 7789 
7791 7792 7793 7793 7794 7795 7795 7795 7796 7797 7797 7800 7803 7804 7805 
7805 7803 7805 7806 7808 7812 7812 7813 7808 7813 7814 7815 7815 7817 7817 
7818 7818 7820 7822 7823 7823 7824 7822 7826 7827 7829 7831 7831 7832 7832 
7832 7833 7834 7834 7822 7835 7837 7838 7841 7841 7843 7844 7845 7846 7780 
7847 7847 7848 7850 7850 7852 7854 7849 7855 7856 7856 7859 7860 7863 7865 
7866 7867 7863 7868 7869 7870 7871 7873 7878 7863 7879 7881 7881 7881 7882 
7882 7864 7883 7883 7885 7886 7890 7895 7887 7895 7898 7899 7900 7901 7901 
7902 7902 7906 7902 7907 7908 7911 7912 7916 7917 7918 7919 7920 7922 7922 
7894 7925 7926 7927 7929 7929 7932 7932 7905 7932 7932 7934 7911 7936 7937 
7937 7939 7940 7942 7942 7943 7945 7945 7945 7855 7946 7946 7947 7947 7954 
7947 7955 7959 7960 7956 7960 7963 7963 7964 7966 7969 7969 7970 7972 7974 
7976 7976 7787 7976 7976 7976 7978 7978 7982 7982 7982 7983 7984 7985 7985 
7985 7988 7988 7988 7989 7989 7991 7992 7993 7994 7995 7995 7996 7997 7998 
7999 7982 8000 8002 8002 8002 8006 7980 8007 8007 8011 8011 8012 8013 8013 
8013 8013 8013 8014 8014 8014 8015 8015 8017 8019 8019 8022 8023 8026 8028 
8009 8029 8029 8029 8030 8031 8031 8033 8034 8034 8036 8039 8040 8040 8040 
8040 8041 8041 8042 8043 8044 8044 8045 8045 8046 8047 8047 8049 8050 8051 
8049 8052 8053 8054 8055 8057 8059 8049 8060 8061 8063 8063 8064 8066 8067 
8068 8063 8069 8069 8070 8071 8072 8072 8074 8079 8080 8080 8081 8083 8083 
8086 8087 8088 8089 8091 8092 8093 8093 8094 8095 8098 8098 8099 8100 8099 
8101 8102 8103 8084 8103 8103 8104 8105 8105 8106 8108 8109 8013 8110 8110 
8110 8110 8113 8114 8115 8110 8115 8116 8117 8119 8120 8121 8122 8123 8124 
8127 8129 8134 8135 8127 8135 8137 8137 8138 8139 8139 8141 8144 8145 8145 
8148 8138 8148 8151 8151 8151 8152 8154 8110 8155 8155 8155 8156 8157 8158 
8163 8164 8164 8165 8165 8165 8167 8170 8170 8171 8171 8172 8172 8172 8173 
8173 8174 8168 8174 8174 8175 8175 8175 8176 8177 8177 8178 8181 8181 8181 
8131 8181 8181 8184 8184 8186 8186 8186 8188 8193 8189 8194 8194 8195 8196 
8197 8198 8198 8198 8199 8200 8193 8202 8202 8202 8204 8204 8205 8208 8209 
8210 8211 8211 8211 8211 8212 8213 8213 8214 8217 8214 8217 8218 8219 8221 
8221 8223 8223 8224 8223 8224 8227 8227 7877 8227 8228 8228 8229 8229 8230 
8232 8234 8234 8234 8236 8238 8240 8241 8244 8244 8245 8245 8245 8245 8243 
8246 8247 8249 8250 8251 8251 8252 8252 8246 8253 8254 8254 8256 8256 8257 
8257 8260 8260 8262 8262 8237 8264 8268 8269 8270 8274 8274 8275 8278 8278 
8279 8280 8282 8285 8285 8287 8288 8289 8272 8293 8293 8293 8294 8294 8294 
8295 8295 7923 8295 8296 8296 8299 8300 8302 8302 8305 8307 8308 8311 8303 
8313 8316 8317 8318 8313 8319 8320 8322 8323 8325 8326 8327 8328 8330 8331 
8329 8331 8332 8333 8334 8331 8334 8336 8338 8339 8342 8345 8346 8346 8347 
8350 8351 8351 8357 8358 8359 8360 8362 8362 8364 8343 8365 8365 8366 8369 
8370 8370 8365 8370 8372 8377 8379 8376 8383 8383 8385 8377 8386 8387 8387 
8388 8389 8388 8390 8391 8339 8392 8394 8394 8395 8395 8397 8399 8400 8401 
8403 8399 8404 8405 8405 8405 8405 8405 8405 8406 8406 8407 8407 8407 8410 
8410 8413 8415 8415 8416 8416 8417 8417 8420 8421 8421 8423 8425 8426 8414 
8427 8429 8430 8431 8432 8432 8433 8435 8435 8436 8438 8438 8439 8439 8440 
8440 8440 8387 8440 8441 8442 8443 8445 8446 8444 8447 8448 8450 8451 8452 
8453 8455 8456 8460 8461 8463 8468 8470 8465 8472 8473 8473 8476 8476 8478 
8479 8480 8481 8483 8464 8483 8484 8485 8487 8487 8492 8492 8492 8493 8496 
8498 8498 8499 8499 8502 8505 8505 8506 8506 8506 8507 8486 8507 8508 8511 
8513 8514 8514 8515 8516 8519 8520 8521 8514 8522 8522 8523 8525 8525 8525 
8526 8526 8527 8528 8529 8525 8530 8530 8531 8021 8531 8533 8536 8536 8539 
8539 8542 8543 8543 8545 8546 8548 8548 8544 8550 8556 8557 8560 8561 8561 
8561 8562 8563 8563 8563 8565 8566 8566 8569 8569 8566 8570 8571 8572 8575 
8577 8578 8583 8575 8583 8585 8572 8587 8587 8574 8588 8588 8593 8594 8594 
8596 8596 8597 8597 8598 8598 8601 8603 8603 8604 8605 8605 8608 8612 8612 
8613 8614 8614 8614 8617 8618 8620 8534 8620 8620 8620 8621 8622 8623 8623 
8624 8625 8625 8626 8627 8627 8627 8628 8628 8629 8631 8631 8629 8631 8632 
8633 8634 8634 8636 8636 8639 8639 8642 8639 8642 8644 8645 8646 8646 8649 
8641 8649 8650 8650 8650 8651 8650 8652 8654 8654 8652 8654 8655 8657 8658 
8659 8659 8661 8661 8662 8663 8664 8665 8669 8669 8670 8670 8672 8673 8659 
8673 8674 8675 8675 8676 8678 8679 8679 8680 8683 8678 8684 8685 8686 8687 
8689 8690 8690 8690 8691 8692 8692 8693 8694 8696 8698 8699 8699 8701 8703 
8704 8705 8705 8708 8669 8710 8711 8712 8713 8716 8721 8724 8724 8727 8727 
8727 8731 8732 8732 8733 8735 8735 8736 8737 8738 8734 8739 8741 8743 8744 
8744 8746 8742 8748 8748 8749 8751 8751 8753 8753 8755 8758 8760 8761 8761 
8761 8762 8763 8764 8765 8765 8765 8689 8765 8766 8767 8769 8773 8774 8774 
8775 8775 8775 8773 8775 8776 8776 8776 8776 8777 8777 8777 8777 8779 8782 
8783 8784 8784 8782 8785 8786 8788 8789 8793 8795 8797 8797 8798 8799 8799 
8800 8800 8801 8801 8804 8804 8804 8806 8806 8807 8807 8808 8809 8809 8811 
8811 8811 8808 8812 8813 8814 8814 8818 8818 8814 8821 8821 8823 8817 8823 
8824 8826 8827 8828 8831 8835 8836 8836 8836 8837 8825 8838 8838 8839 8840 
8841 8841 8841 8842 8843 8847 8847 8847 8847 8847 8848 8848 8848 8841 8850 
8851 8851 8851 8852 8857 8854 8857 8858 8861 8862 8865 8866 8866 8863 8866 
8868 8868 8868 8869 8869 8870 8863 8872 8873 8874 8876 8880 8880 8882 8882 
8883 8883 8884 8884 8885 8888 8888 8890 8891 8895 8895 8896 8881 8896 8897 
8899 8900 8901 8902 8903 8864 8903 8904 8906 8911 8912 8914 8910 8919 8919 
8921 8922 8922 8923 8923 8895 8923 8924 8925 8925 8926 8927 8928 8928 8929 
8930 8931 8931 8924 8933 8933 8934 8935 8936 8848 8936 8937 8938 8939 8940 
8940 8942 8942 8942 8942 8943 8943 8944 8945 8945 8917 8945 8945 8946 8947 
8947 8947 8948 8948 8950 8950 8950 8952 8952 8955 8955 8955 8955 8957 8958 
8959 8959 8961 8962 8963 8964 8965 8966 8969 8970 8972 8974 8974 8976 8977 
8978 8960 8978 8979 8979 8981 8983 8984 8987 8987 8983 8987 8988 8988 8989 
8991 8991 8992 8993 8996 8996 8996 8998 8956 8998 8999 8999 9001 9004 9004 
9006 9006 9007 9008 9009 9009 9009 9005 9010 9014 9016 9019 9020 9021 9021 
9022 9011 9023 9024 9025 9026 9028 9028 9031 9032 9032 9033 9034 9036 9036 
9036 9038 9038 9039 9039 9040 9040 9016 9040 9040 9042 9042 9043 9043 9044 
9044 9045 9048 9051 9055 9056 9057 9057 9058 9058 9060 9059 9060 9062 9062 
9063 9066 9067 9063 9067 9069 9070 9070 9072 9074 9077 9076 9077 9082 9083 
9083 9083 9074 9083 9083 9084 9085 9086 9091 9091 9091 9093 9093 9095 9094 
9095 9095 9095 9096 9097 9097 9100 9101 9102 9103 9104 9105 9105 9105 9107 
9107 9109 9110 9112 9113 9110 9113 9114 9115 9116 9116 9023 9118 9118 9119 
9120 9127 9128 9130 9130 9124 9131 9132 9132 9135 9136 9133 9137 9137 9139 
9139 9140 9141 9141 9142 9142 9142 9142 9142 9143 9143 9145 9146 9147 9149 
9148 9150 9151 9151 9153 9153 9153 9146 9153 9154 9146 9155 9158 9158 9158 
9159 9160 9153 9160 9161 9162 9162 9162 9163 9165 9166 9167 9162 9167 9169 
9170 9157 9170 9171 9172 9173 9173 9173 9173 9174 9174 9175 9173 9176 9177 
9177 9177 9180 9183 9184 9184 9185 9186 9189 9189 9190 9190 9191 9192 9192 
9192 9192 9194 9194 9195 9195 9197 9197 9197 9198 9198 9199 9199 9199 9200 
9201 9179 9204 9205 9206 9208 9208 9212 9213 9213 9214 9215 9215 9215 9218 
9219 9220 9220 9221 9223 9219 9223 9224 9226 9229 9230 9232 9234 9235 9226 
9236 9237 9238 9238 9238 9238 9239 9240 9240 9240 9235 9240 9242 9242 9242 
9226 9243 9245 9245 9247 9247 9249 9248 9252 9252 9254 9257 9258 9260 9255 
9262 9262 9252 9265 9267 9267 9270 9274 9276 9277 9279 9279 9281 9282 9285 
9254 9285 9286 9287 9287 9288 9289 9289 9291 9287 9292 9293 9295 9296 9297 
9299 9300 9301 9305 9299 9305 9306 9306 9308 9308 9308 9234 9308 9309 9309 
9309 9310 9311 9312 9312 9313 9313 9313 9316 9320 9321 9325 9326 9326 9328 
9329 9330 9323 9333 9334 9336 9337 9337 9337 9337 9338 9338 9340 9340 9344 
9345 9344 9345 9346 9343 9346 9346 9347 9355 9359 9359 9360 9360 9360 9362 
9363 9365 9366 9367 9310 9367 9368 9369 9369 9370 9371 9372 9373 9374 9374 
9374 9375 9380 9380 9380 9381 9382 9383 9383 9383 9372 9384 9384 9385 9385 
9385 9385 9386 9388 9388 9390 9389 9391 9393 9394 9394 9395 9395 9396 9397 
9398 9402 9405 9406 9407 9408 9408 9410 9412 9413 9413 9414 9415 9415 9415 
9416 9417 9417 9418 9420 9420 9420 9421 9423 9424 9430 9431 9435 9436 9437 
9437 9437 9441 9422 9443 9443 9443 9445 9446 9447 9448 9448 9448 9449 9454 
9455 9455 9456 9458 9459 9459 9461 9462 9462 9463 9463 9464 9464 9466 9468 
9469 9469 9470 9472 9369 9472 9472 9473 9473 9474 9476 9476 9477 9478 9476 
9479 9482 9484 9486 9488 9492 9495 9495 9484 9496 9496 9487 9498 9498 9499 
9500 9502 9508 9508 9510 9510 9511 9505 9511 9511 9512 9513 9518 9518 9518 
9520 9521 9521 9521 9523 9527 9530 9530 9531 9534 9531 9536 9537 9538 9539 
9522 9540 9540 9542 9546 9546 9550 9552 9552 9554 9554 9554 9554 9555 9556 
9556 9557 9558 9558 9558 9559 9560 9562 9562 9563 9560 9564 9566 9567 9570 
9573 9575 9575 9579 9582 9582 9583 9583 9584 9585 9586 9587 9585 9588 9589 
9591 9591 9592 9594 9594 9594 9596 9599 9591 9600 9600 9601 9596 9605 9605 
9606 9607 9607 9607 9611 9613 9614 9564 9615 9615 9616 9620 9623 9624 9625 
9625 9618 9625 9627 9630 9631 9632 9632 9633 9637 9639 9640 9640 9634 9641 
9642 9643 9643 9645 9646 9645 9646 9647 9648 9648 9651 9652 9652 9640 9652 
9653 9653 9654 9654 9654 9657 9661 9654 9662 9664 9661 9664 9666 9666 9667 
9667 9669 9669 9671 9672 9672 9673 9675 9676 9677 9678 9678 9680 9683 9654 
9684 9686 9690 9691 9692 9693 9694 9695 9693 9695 9696 9696 9698 9699 9692 
9700 9701 9701 9702 9703 9703 9703 9705 9705 9706 9706 9707 9708 9708 9708 
9709 9709 9710 9711 9713 9714 9716 9717 9718 9718 9718 9721 9722 9723 9721 
9724 9725 9726 9726 9726 9727 9718 9728 9729 9730 9730 9730 9730 9731 9692 
9733 9734 9735 9735 9738 9740 9742 9742 9742 9742 9745 9746 9747 9749 9750 
9745 9751 9752 9752 9752 9752 9753 9753 9753 9754 9757 9757 9757 9748 9760 
9762 9762 9763 9763 9765 9766 9766 9768 9768 9769 9770 9770 9771 9771 9772 
9772 9773 9773 9774 9775 9776 9777 9770 9778 9779 9779 9779 9780 9785 9783 
9785 9786 9786 9789 9781 9790 9791 9793 9794 9794 9795 9795 9796 9789 9796 
9797 9798 9798 9801 9802 9801 9803 9805 9805 9805 9806 9807 9810 9812 9814 
9820 9822 9823 9722 9826 9826 9826 9828 9828 9829 9831 9832 9832 9833 9835 
9835 9835 9836 9740 9836 9838 9838 9839 9839 9840 9840 9842 9844 9844 9846 
9848 9848 9850 9851 9849 9852 9855 9856 9857 9859 9859 9863 9864 9865 9868 
9873 9848 9874 9875 9875 9876 9876 9877 9874 9878 9878 9879 9880 9881 9881 
9881 9883 9884 9884 9889 9889 9891 9892 9892 9507 9893 9894 9895 9895 9895 
9896 9900 9900 9901 9901 9902 9904 9906 9908 9910 9908 9911 9911 9912 9913 
9913 9915 9915 9915 9915 9915 9917 9918 9918 9918 9920 9920 9922 9923 9924 
9926 9923 9927 9928 9928 9928 9929 9912 9929 9931 9931 9933 9934 9935 9934 
9937 9938 9938 9939 9939 9941 9941 9944 9945 9944 9946 9946 9948 9948 9949 
9954 9954 9955 9955 9956 9957 9947 9957 9958 9959 9959 9964 9965 9967 9967 
9938 9968 9969 9969 9970 9971 9972 9972 9975 9975 9976 9971 9977 9977 9978 
9985 9986 9983 9987 9987 9988 9986 9988 9989 9991 9994 1095 9995 9996 9996 
TimesForCmp: 70626
TimesForTmp: 24114
